0,0
1,1
2,2
3,3
4,4
5,97
97,5
5,916
916,5
6,20
20,6
6,663
663,6
7,390
390,7
7,616
616,7
7,1001
1001,7
7,1004
1004,7
8,8
9,9
10,390
390,10
10,440
440,10
11,11
12,12
13,13
14,544
544,14
14,1630
1630,14
15,390
390,15
16,16
17,488
488,17
17,601
601,17
17,663
663,17
17,832
832,17
18,847
847,18
19,495
495,19
20,663
663,20
21,21
22,390
390,22
22,699
699,22
23,23
24,24
25,296
296,25
25,461
461,25
26,86
86,26
26,263
263,26
26,1634
1634,26
27,27
28,275
275,28
28,390
390,28
28,422
422,28
28,522
522,28
28,714
714,28
28,748
748,28
28,999
999,28
29,792
792,29
30,471
471,30
30,505
505,30
31,471
471,31
32,32
33,33
34,699
699,34
35,643
643,35
35,814
814,35
36,5
5,36
36,97
97,36
36,274
274,36
36,329
329,36
36,661
661,36
36,916
916,36
37,79
79,37
38,643
643,38
39,488
488,39
40,660
660,40
40,847
847,40
40,849
849,40
41,41
42,487
487,42
42,488
488,42
42,644
644,42
43,847
847,43
44,678
678,44
45,45
46,847
847,46
47,47
48,28
28,48
48,422
422,48
48,748
748,48
49,847
847,49
50,763
763,50
51,318
318,51
51,364
364,51
51,390
390,51
51,439
439,51
51,481
481,51
51,482
482,51
51,483
483,51
51,616
616,51
51,747
747,51
51,1005
1005,51
52,612
612,52
53,53
54,28
28,54
54,67
67,54
54,184
184,54
54,275
275,54
54,390
390,54
54,422
422,54
54,522
522,54
54,699
699,54
54,714
714,54
54,748
748,54
54,956
956,54
54,998
998,54
54,999
999,54
55,972
972,55
55,2196
2196,55
56,172
172,56
56,505
505,56
56,1492
1492,56
57,57
58,390
390,58
58,414
414,58
58,439
439,58
58,554
554,58
59,18
18,59
59,604
604,59
59,847
847,59
60,60
61,986
986,61
62,2593
2593,62
63,5
5,63
63,97
97,63
63,274
274,63
63,329
329,63
63,661
661,63
63,916
916,63
64,6
6,64
64,643
643,64
65,218
218,65
65,266
266,65
65,876
876,65
65,992
992,65
66,331
331,66
67,291
291,67
67,616
616,67
67,714
714,67
67,748
748,67
67,998
998,67
67,999
999,67
67,1000
1000,67
68,301
301,68
69,25
25,69
69,265
265,69
69,276
276,69
69,296
296,69
69,338
338,69
69,372
372,69
69,461
461,69
69,505
505,69
70,631
631,70
70,659
659,70
71,71
72,674
674,72
73,894
894,73
74,991
991,74
75,495
495,75
76,674
674,76
77,735
735,77
77,916
916,77
78,505
505,78
79,79
80,269
269,80
80,1545
1545,80
81,847
847,81
82,390
390,82
82,658
658,82
83,274
274,83
83,643
643,83
84,986
986,84
85,390
390,85
85,698
698,85
85,699
699,85
86,539
539,86
87,87
88,266
266,88
88,780
780,88
88,905
905,88
89,788
788,89
90,474
474,90
90,862
862,90
90,1631
1631,90
91,64
64,91
91,682
682,91
91,795
795,91
92,35
35,92
93,447
447,93
93,763
763,93
93,800
800,93
94,285
285,94
94,373
373,94
94,374
374,94
94,390
390,94
94,439
439,94
94,444
444,94
94,445
445,94
95,571
571,95
95,574
574,95
95,698
698,95
95,2923
2923,95
96,96
97,5
5,97
97,329
329,97
97,661
661,97
98,390
390,98
98,699
699,98
99,0
0,99
100,100
101,542
542,101
102,102
103,79
79,103
103,272
272,103
103,364
364,103
103,390
390,103
104,104
105,28
28,105
105,67
67,105
105,275
275,105
105,422
422,105
105,522
522,105
105,699
699,105
105,714
714,105
105,748
748,105
105,998
998,105
105,999
999,105
106,28
28,106
106,48
48,106
106,184
184,106
106,275
275,106
106,291
291,106
106,390
390,106
106,422
422,106
106,442
442,106
106,522
522,106
106,554
554,106
106,699
699,106
106,714
714,106
106,748
748,106
106,998
998,106
106,999
999,106
107,265
265,107
107,276
276,107
107,338
338,107
107,372
372,107
107,502
502,107
108,173
173,108
108,383
383,108
108,838
838,108
109,323
323,109
109,848
848,109
110,110
111,0
0,111
112,917
917,112
113,113
114,329
329,114
115,115
116,410
410,116
117,117
118,22
22,118
119,381
381,119
120,120
121,643
643,121
121,814
814,121
121,816
816,121
121,866
866,121
122,263
263,122
122,297
297,122
122,471
471,122
122,1004
1004,122
122,2745
2745,122
123,123
124,124
125,822
822,125
126,243
243,126
127,24
24,127
127,297
297,127
127,471
471,127
128,638
638,128
129,104
104,129
129,589
589,129
130,1498
1498,130
130,2361
2361,130
131,104
104,131
131,589
589,131
132,564
564,132
133,323
323,133
133,1098
1098,133
134,104
104,134
134,589
589,134
134,691
691,134
135,319
319,135
135,370
370,135
135,610
610,135
135,715
715,135
135,716
716,135
136,643
643,136
136,809
809,136
136,814
814,136
137,330
330,137
137,416
416,137
138,486
486,138
138,847
847,138
139,495
495,139
139,731
731,139
140,104
104,140
140,589
589,140
141,144
144,141
141,418
418,141
142,416
416,142
142,472
472,142
142,496
496,142
143,704
704,143
144,281
281,144
144,416
416,144
144,822
822,144
145,16
16,145
145,472
472,145
145,497
497,145
145,542
542,145
145,822
822,145
146,40
40,146
146,144
144,146
146,230
230,146
146,416
416,146
146,418
418,146
146,822
822,146
147,390
390,147
147,456
456,147
147,927
927,147
148,40
40,148
148,230
230,148
149,149
149,150
150,149
149,325
325,149
149,637
637,149
149,917
917,149
149,1509
1509,149
149,1701
1701,149
150,637
637,150
150,917
917,150
150,1509
1509,150
150,1701
1701,150
151,390
390,151
151,598
598,151
152,65
65,152
152,88
88,152
152,266
266,152
152,291
291,152
152,566
566,152
153,1
1,153
153,28
28,153
153,275
275,153
153,291
291,153
153,390
390,153
153,422
422,153
153,522
522,153
153,699
699,153
153,714
714,153
153,748
748,153
154,88
88,154
154,291
291,154
154,390
390,154
154,460
460,154
154,483
483,154
155,390
390,155
155,699
699,155
156,390
390,156
156,699
699,156
157,57
57,157
157,290
290,157
157,641
641,157
158,9
9,158
158,568
568,158
158,583
583,158
159,285
285,159
159,291
291,159
159,504
504,159
159,547
547,159
160,596
596,160
160,753
753,160
160,980
980,160
161,53
53,161
161,309
309,161
162,782
782,162
163,290
290,163
164,353
353,164
165,863
863,165
166,656
656,166
166,731
731,166
167,291
291,167
167,364
364,167
167,390
390,167
167,439
439,167
167,462
462,167
167,608
608,167
167,799
799,167
168,608
608,168
169,293
293,169
170,287
287,170
170,348
348,170
170,520
520,170
170,846
846,170
171,506
506,171
171,817
817,171
172,505
505,172
173,838
838,173
174,410
410,174
174,509
509,174
175,175
176,67
67,176
176,105
105,176
176,390
390,176
176,830
830,176
176,987
987,176
176,998
998,176
177,40
40,177
177,230
230,177
178,178
179,471
471,179
180,34
34,180
180,58
58,180
180,105
105,180
180,303
303,180
180,390
390,180
180,572
572,180
180,688
688,180
180,698
698,180
180,717
717,180
180,842
842,180
180,987
987,180
181,847
847,181
182,37
37,182
182,130
130,182
182,278
278,182
182,390
390,182
182,523
523,182
183,183
184,184
185,183
183,185
185,605
605,185
185,2641
2641,185
185,2855
2855,185
185,3043
3043,185
185,3267
3267,185
186,847
847,186
186,966
966,186
187,847
847,187
188,531
531,188
188,791
791,188
188,814
814,188
189,391
391,189
189,483
483,189
190,71
71,190
191,409
409,191
191,661
661,191
191,847
847,191
192,192
193,758
758,193
193,759
759,193
193,760
760,193
194,265
265,194
194,372
372,194
194,422
422,194
194,445
445,194
194,3122
3122,194
195,753
753,195
196,389
389,196
196,973
973,196
197,647
647,197
197,898
898,197
198,416
416,198
199,606
606,199
199,2855
2855,199
200,390
390,200
200,582
582,200
201,838
838,201
202,9
9,202
202,385
385,202
202,386
386,202
202,387
387,202
202,584
584,202
202,654
654,202
202,847
847,202
202,932
932,202
202,933
933,202
203,274
274,203
203,661
661,203
204,204
205,670
670,205
206,507
507,206
206,1628
1628,206
207,207
208,495
495,208
208,659
659,208
209,641
641,209
210,64
64,210
210,279
279,210
210,682
682,210
211,659
659,211
212,390
390,212
212,439
439,212
212,963
963,212
213,47
47,213
213,293
293,213
213,396
396,213
213,397
397,213
213,447
447,213
213,872
872,213
214,654
654,214
214,860
860,214
215,672
672,215
216,291
291,216
216,684
684,216
217,591
591,217
217,615
615,217
218,218
219,390
390,219
219,681
681,219
220,619
619,220
221,390
390,221
222,924
924,222
223,708
708,223
224,697
697,224
225,653
653,225
226,631
631,226
226,986
986,226
227,753
753,227
228,178
178,228
228,295
295,228
228,305
305,228
229,625
625,229
230,230
231,390
390,231
231,681
681,231
232,178
178,232
232,295
295,232
232,305
305,232
233,292
292,233
233,390
390,233
233,420
420,233
234,364
364,234
234,390
390,234
234,571
571,234
235,592
592,235
235,739
739,235
235,1068
1068,235
235,1226
1226,235
235,1568
1568,235
236,178
178,236
236,295
295,236
236,305
305,236
237,979
979,237
238,608
608,238
239,64
64,239
239,203
203,239
239,498
498,239
239,643
643,239
239,682
682,239
239,704
704,239
240,386
386,240
240,584
584,240
240,618
618,240
240,654
654,240
240,794
794,240
240,932
932,240
241,410
410,241
241,631
631,241
241,659
659,241
242,822
822,242
242,847
847,242
242,979
979,242
243,243
244,364
364,244
244,390
390,244
244,439
439,244
244,483
483,244
244,547
547,244
244,926
926,244
245,245
246,810
810,246
246,2559
2559,246
247,806
806,247
247,933
933,247
247,1003
1003,247
248,390
390,248
248,681
681,248
249,388
388,249
250,13
13,250
250,691
691,250
251,302
302,251
251,364
364,251
251,373
373,251
251,438
438,251
251,517
517,251
251,668
668,251
251,669
669,251
251,699
699,251
251,745
745,251
251,1956
1956,251
252,290
290,252
253,364
364,253
253,390
390,253
253,439
439,253
253,483
483,253
253,547
547,253
253,926
926,253
254,390
390,254
255,202
202,255
255,654
654,255
256,447
447,256
257,556
556,257
257,573
573,257
258,944
944,258
259,364
364,259
259,390
390,259
259,439
439,259
259,483
483,259
259,547
547,259
259,926
926,259
260,9
9,260
260,33
33,260
260,290
290,260
261,523
523,261
262,86
86,262
262,272
272,262
262,373
373,262
262,471
471,262
262,780
780,262
262,887
887,262
263,283
283,263
263,460
460,263
264,264
265,265
266,266
267,102
102,267
267,179
179,267
267,780
780,267
268,268
269,878
878,269
270,270
271,487
487,271
271,488
488,271
271,612
612,271
271,643
643,271
271,644
644,271
272,86
86,272
272,471
471,272
272,780
780,272
273,273
274,916
916,274
275,275
276,471
471,276
277,951
951,277
278,79
79,278
278,1175
1175,278
279,279
280,280
281,419
419,281
281,822
822,281
282,282
283,283
284,429
429,284
285,272
272,285
285,471
471,285
286,544
544,286
287,337
337,287
287,846
846,287
288,615
615,288
289,289
290,783
783,290
291,291
292,292
293,396
396,293
294,294
295,295
296,447
447,296
297,31
31,297
297,179
179,297
297,266
266,297
298,298
299,648
648,299
300,300
301,301
302,58
58,302
302,364
364,302
302,439
439,302
303,22
22,303
303,390
390,303
303,698
698,303
304,304
305,429
429,305
305,1512
1512,305
305,1710
1710,305
306,170
170,306
306,615
615,306
307,847
847,307
308,308
309,23
23,309
309,53
53,309
310,37
37,310
310,123
123,310
310,272
272,310
310,278
278,310
310,517
517,310
310,574
574,310
310,699
699,310
311,263
263,311
311,283
283,311
311,2105
2105,311
312,312
313,643
643,313
313,661
661,313
313,850
850,313
314,643
643,314
314,661
661,314
315,312
312,315
315,313
313,315
315,314
314,315
316,410
410,316
317,291
291,317
317,390
390,317
318,390
390,318
319,788
788,319
320,730
730,320
320,736
736,320
320,737
737,320
321,825
825,321
322,685
685,322
323,514
514,323
324,280
280,324
324,326
326,324
324,637
637,324
324,1509
1509,324
324,1701
1701,324
325,637
637,325
325,917
917,325
325,1509
1509,325
325,1701
1701,325
326,149
149,326
326,150
150,326
326,325
325,326
326,637
637,326
326,917
917,326
326,1509
1509,326
326,1701
1701,326
327,637
637,327
327,917
917,327
327,1509
1509,327
327,1701
1701,327
328,661
661,328
328,948
948,328
329,916
916,329
330,659
659,330
331,331
332,439
439,332
332,799
799,332
333,333
334,389
389,334
334,756
756,334
335,22
22,335
336,291
291,336
336,390
390,336
336,598
598,336
337,337
338,471
471,338
339,339
340,509
509,340
341,1386
1386,341
341,1560
1560,341
341,3258
3258,341
342,342
343,343
344,263
263,344
345,857
857,345
346,477
477,346
347,209
209,347
347,719
719,347
348,643
643,348
348,848
848,348
349,349
350,280
280,350
350,326
326,350
350,615
615,350
350,629
629,350
350,985
985,350
351,354
354,351
351,416
416,351
351,2579
2579,351
352,352
353,352
352,353
353,354
354,353
354,352
352,354
355,51
51,355
355,69
69,355
355,364
364,355
355,390
390,355
355,439
439,355
355,483
483,355
355,747
747,355
355,772
772,355
355,976
976,355
355,977
977,355
355,1004
1004,355
356,51
51,356
356,69
69,356
356,285
285,356
356,291
291,356
356,355
355,356
356,390
390,356
356,745
745,356
356,747
747,356
356,773
773,356
357,25
25,357
357,888
888,357
358,279
279,358
358,359
359,358
359,359
360,419
419,360
360,822
822,360
361,360
360,361
362,362
363,363
363,390
390,363
363,765
765,363
364,439
439,364
365,364
364,365
365,439
439,365
365,799
799,365
365,1004
1004,365
366,34
34,366
366,85
85,366
366,699
699,366
366,700
700,366
367,488
488,367
368,488
488,368
369,477
477,369
370,370
371,371
372,372
373,373
374,373
373,374
374,763
763,374
375,375
376,673
673,376
377,673
673,377
377,1001
1001,377
377,2371
2371,377
378,378
379,678
678,379
379,954
954,379
380,537
537,380
381,0
0,381
382,113
113,382
382,364
364,382
382,390
390,382
382,391
391,382
382,439
439,382
383,108
108,383
383,201
201,383
383,514
514,383
383,838
838,383
384,173
173,384
384,383
383,384
384,838
838,384
385,385
386,385
385,386
386,584
584,386
386,932
932,386
387,11
11,387
387,434
434,387
388,388
389,756
756,389
390,799
799,390
391,390
390,391
391,799
799,391
392,24
24,392
393,27
27,393
393,940
940,393
394,506
506,394
394,847
847,394
394,938
938,394
394,940
940,394
395,395
396,293
293,396
397,293
293,397
397,395
395,397
397,396
396,397
397,652
652,397
398,398
399,951
951,399
400,401
401,400
400,693
693,400
400,916
916,400
401,404
404,401
401,693
693,401
401,3183
3183,401
402,400
400,402
402,401
401,402
402,3185
3185,402
403,404
404,403
403,631
631,403
404,693
693,404
404,1343
1343,404
404,1859
1859,404
404,3183
3183,404
405,400
400,405
405,401
401,405
405,403
403,405
405,404
404,405
405,693
693,405
406,24
24,406
407,407
408,408
409,847
847,409
410,410
411,40
40,411
411,230
230,411
411,410
410,411
411,631
631,411
412,822
822,412
413,608
608,413
414,390
390,414
414,439
439,414
415,0
0,415
415,953
953,415
416,416
417,822
822,417
418,41
41,418
418,281
281,418
418,300
300,418
418,416
416,418
418,822
822,418
419,419
420,420
421,353
353,421
421,1150
1150,421
421,1646
1646,421
421,1687
1687,421
422,184
184,422
422,554
554,422
423,423
424,263
263,424
425,263
263,425
426,263
263,426
426,424
424,426
426,425
425,426
427,763
763,427
428,891
891,428
429,429
430,430
431,925
925,431
432,273
273,432
432,705
705,432
432,855
855,432
432,1420
1420,432
433,273
273,433
433,432
432,433
434,387
387,434
435,847
847,435
436,847
847,436
437,437
438,51
51,438
438,179
179,438
438,302
302,438
438,437
437,438
438,439
439,438
438,745
745,438
439,439
440,440
441,441
442,442
443,60
60,443
443,443
444,37
37,444
444,278
278,444
444,373
373,444
444,374
374,444
444,390
390,444
444,439
439,444
444,445
445,444
445,285
285,445
445,291
291,445
445,373
373,445
445,374
374,445
445,390
390,445
445,439
439,445
446,909
909,446
446,3273
3273,446
447,447
448,448
449,450
450,449
450,390
390,450
451,450
450,451
451,773
773,451
452,183
183,452
453,144
144,453
453,416
416,453
453,417
417,453
453,418
418,453
454,454
455,22
22,455
455,390
390,455
455,1008
1008,455
456,390
390,456
456,698
698,456
456,927
927,456
457,457
458,457
457,458
459,459
460,79
79,460
460,86
86,460
460,539
539,460
461,86
86,461
462,291
291,462
462,364
364,462
462,390
390,462
462,556
556,462
462,609
609,462
463,276
276,463
463,338
338,463
464,739
739,464
464,2745
2745,464
465,465
466,465
465,466
467,389
389,467
467,767
767,467
468,299
299,468
469,22
22,469
469,275
275,469
469,422
422,469
469,522
522,469
469,554
554,469
470,51
51,470
470,291
291,470
470,364
364,470
470,390
390,470
471,471
472,822
822,472
473,767
767,473
473,822
822,473
474,862
862,474
474,1968
1968,474
475,295
295,475
475,476
476,475
475,558
558,475
475,742
742,475
476,476
477,477
478,478
479,175
175,479
480,40
40,480
480,230
230,480
481,51
51,481
481,318
318,481
481,364
364,481
481,390
390,481
481,439
439,481
481,482
482,481
481,483
483,481
481,616
616,481
481,698
698,481
481,747
747,481
481,1004
1004,481
481,1005
1005,481
482,291
291,482
482,364
364,482
482,390
390,482
482,439
439,482
483,364
364,483
483,390
390,483
483,439
439,483
483,926
926,483
484,847
847,484
485,486
486,485
486,486
487,488
488,487
488,488
489,488
488,489
490,490
491,635
635,491
492,493
493,492
492,631
631,492
493,979
979,493
494,170
170,494
494,767
767,494
494,1003
1003,494
495,631
631,495
495,659
659,495
495,986
986,495
496,596
596,496
497,497
498,498
499,207
207,499
499,416
416,499
499,691
691,499
500,35
35,500
500,892
892,500
501,265
265,501
501,291
291,501
501,372
372,501
501,502
502,501
501,1004
1004,501
502,265
265,502
502,372
372,502
502,664
664,502
502,1004
1004,502
503,503
504,297
297,504
504,390
390,504
504,471
471,504
504,510
510,504
504,747
747,504
505,505
506,434
434,506
506,847
847,506
506,938
938,506
507,390
390,507
507,541
541,507
508,12
12,508
508,502
502,508
508,655
655,508
509,847
847,509
509,848
848,509
510,471
471,510
511,691
691,511
512,323
323,512
513,323
323,513
514,0
0,514
514,173
173,514
514,323
323,514
514,383
383,514
514,384
384,514
515,350
350,515
515,375
375,515
515,629
629,515
515,848
848,515
515,985
985,515
516,51
51,516
516,69
69,516
516,272
272,516
516,291
291,516
516,364
364,516
516,390
390,516
516,408
408,516
516,437
437,516
516,439
439,516
516,483
483,516
516,699
699,516
516,745
745,516
516,747
747,516
516,772
772,516
516,805
805,516
516,976
976,516
516,977
977,516
516,1004
1004,516
517,364
364,517
517,390
390,517
517,439
439,517
518,518
519,691
691,519
519,814
814,519
519,847
847,519
520,847
847,520
521,521
522,522
523,364
364,523
523,390
390,523
524,524
525,364
364,525
525,390
390,525
525,439
439,525
525,483
483,525
525,517
517,525
526,847
847,526
527,847
847,527
528,528
529,847
847,529
530,2987
2987,530
531,531
532,531
531,532
533,533
534,78
78,534
534,505
505,534
534,533
533,534
534,862
862,534
535,295
295,535
535,447
447,535
536,564
564,536
537,537
538,769
769,538
539,184
184,539
540,540
541,262
262,541
541,297
297,541
541,471
471,541
542,847
847,542
543,851
851,543
544,544
545,286
286,545
545,544
544,545
546,89
89,546
546,788
788,546
547,123
123,547
548,89
89,548
548,546
546,548
548,986
986,548
549,572
572,549
549,574
574,549
549,575
575,549
549,616
616,549
549,646
646,549
549,698
698,549
550,364
364,550
550,390
390,550
551,551
552,637
637,552
553,553
554,554
555,276
276,555
555,338
338,555
555,901
901,555
555,902
902,555
556,471
471,556
556,2894
2894,556
557,390
390,557
557,897
897,557
558,558
559,9
9,559
559,753
753,559
560,450
450,560
561,268
268,561
561,561
562,505
505,562
563,704
704,563
564,564
565,852
852,565
566,263
263,566
566,471
471,566
566,510
510,566
567,265
265,567
568,568
569,64
64,569
569,115
115,569
569,488
488,569
569,600
600,569
569,612
612,569
569,682
682,569
569,866
866,569
570,410
410,570
570,492
492,570
570,659
659,570
571,616
616,571
571,698
698,571
572,547
547,572
572,574
574,572
572,616
616,572
572,698
698,572
573,34
34,573
573,152
152,573
573,179
179,573
573,390
390,573
573,459
459,573
573,547
547,573
573,572
572,573
573,689
689,573
574,349
349,574
574,616
616,574
574,698
698,574
575,349
349,575
575,616
616,575
575,698
698,575
575,699
699,575
576,390
390,576
576,873
873,576
577,1857
1857,577
578,608
608,578
579,388
388,579
579,389
389,579
579,753
753,579
579,788
788,579
580,276
276,580
580,338
338,580
580,581
581,580
581,276
276,581
581,338
338,581
582,582
583,612
612,583
583,847
847,583
584,110
110,584
584,281
281,584
584,389
389,584
585,0
0,585
585,86
86,585
586,60
60,586
586,184
184,586
586,422
422,586
586,443
443,586
586,469
469,586
587,587
588,4
4,588
588,294
294,588
588,739
739,588
589,589
590,291
291,590
590,525
525,590
590,547
547,590
591,326
326,591
591,1017
1017,591
592,32
32,592
592,392
392,592
592,615
615,592
592,685
685,592
592,739
739,592
592,1068
1068,592
592,1226
1226,592
592,1568
1568,592
593,595
595,593
593,847
847,593
594,595
595,594
594,847
847,594
595,847
847,595
595,916
916,595
596,596
597,51
51,597
597,87
87,597
597,318
318,597
597,332
332,597
597,390
390,597
597,439
439,597
597,483
483,597
597,608
608,597
598,598
599,22
22,599
599,598
598,599
600,600
601,429
429,601
602,295
295,602
603,5
5,603
603,661
661,603
604,846
846,604
604,850
850,604
605,183
183,605
605,381
381,605
605,452
452,605
605,993
993,605
606,381
381,606
607,192
192,607
607,849
849,607
608,390
390,608
609,1019
1019,609
610,715
715,610
610,1706
1706,610
611,613
613,611
611,644
644,611
612,612
613,613
614,696
696,614
614,2362
2362,614
615,615
616,521
521,616
616,522
522,616
617,126
126,617
617,243
243,617
617,328
328,617
617,661
661,617
617,916
916,617
618,618
619,85
85,619
619,275
275,619
619,349
349,619
619,390
390,619
619,522
522,619
619,698
698,619
619,699
699,619
619,700
700,619
619,1004
1004,619
620,631
631,620
621,40
40,621
621,230
230,621
621,620
620,621
621,623
623,621
621,624
624,621
622,316
316,622
622,410
410,622
622,982
982,622
623,620
620,623
623,621
621,623
623,623
623,624
624,623
623,625
625,623
624,624
625,40
40,625
625,230
230,625
625,624
624,625
626,86
86,626
626,2276
2276,626
626,2843
2843,626
627,627
628,753
753,628
628,1461
1461,628
629,629
629,985
985,629
630,348
348,630
630,375
375,630
630,629
629,630
631,282
282,631
632,44
44,632
632,868
868,632
633,28
28,633
633,422
422,633
633,469
469,633
633,956
956,633
634,3
3,634
634,120
120,634
634,295
295,634
634,304
304,634
634,503
503,634
634,749
749,634
634,819
819,634
635,961
961,635
636,389
389,636
637,637
638,3046
3046,638
639,167
167,639
639,608
608,639
639,640
640,639
639,799
799,639
640,291
291,640
640,639
639,640
640,799
799,640
641,643
643,641
642,986
986,642
643,663
663,643
644,644
645,441
441,645
645,880
880,645
645,1633
1633,645
646,31
31,646
646,179
179,646
647,647
648,648
649,387
387,649
650,204
204,650
650,387
387,650
651,293
293,651
651,369
369,651
651,691
691,651
651,928
928,651
651,986
986,651
652,652
653,2895
2895,653
654,932
932,654
655,25
25,655
655,265
265,655
655,276
276,655
655,296
296,655
655,338
338,655
655,372
372,655
655,537
537,655
655,561
561,655
656,657
657,656
657,663
663,657
658,390
390,658
659,659
660,659
659,660
661,329
329,661
661,643
643,661
661,916
916,661
662,662
663,663
664,664
665,32
32,665
665,685
685,665
665,768
768,665
665,2081
2081,665
666,666
667,495
495,667
667,666
666,667
668,22
22,668
668,123
123,668
668,268
268,668
668,390
390,668
668,439
439,668
668,616
616,668
668,698
698,668
668,699
699,668
668,701
701,668
668,766
766,668
669,123
123,669
669,390
390,669
669,439
439,669
669,561
561,669
669,699
699,669
670,670
671,115
115,671
671,600
600,671
672,672
673,262
262,673
673,291
291,673
673,364
364,673
673,390
390,673
673,428
428,673
673,517
517,673
673,538
538,673
673,553
553,673
673,905
905,673
674,661
661,674
675,287
287,675
675,337
337,675
676,388
388,676
677,677
678,677
677,678
679,551
551,679
680,21
21,680
680,100
100,680
680,390
390,680
680,439
439,680
680,551
551,680
680,679
679,680
680,934
934,680
680,1005
1005,680
681,681
682,6
6,682
682,643
643,682
683,25
25,683
683,291
291,683
684,381
381,684
684,953
953,684
684,969
969,684
685,24
24,685
685,263
263,685
685,266
266,685
685,460
460,685
685,769
769,685
685,903
903,685
685,905
905,685
686,32
32,686
686,685
685,686
686,769
769,686
686,887
887,686
686,905
905,686
686,1469
1469,686
686,1678
1678,686
686,1876
1876,686
686,2278
2278,686
686,2494
2494,686
686,2669
2669,686
686,2686
2686,686
687,32
32,687
687,685
685,687
687,769
769,687
687,887
887,687
687,905
905,687
687,1876
1876,687
687,2686
2686,687
688,688
689,689
690,0
0,690
690,271
271,690
690,691
691,690
691,0
0,691
692,287
287,692
692,2651
2651,692
693,693
694,184
184,694
694,291
291,694
694,390
390,694
694,616
616,694
694,698
698,694
695,753
753,695
696,696
697,32
32,697
697,34
34,697
697,58
58,697
697,85
85,697
697,184
184,697
697,275
275,697
697,285
285,697
697,364
364,697
697,390
390,697
697,439
439,697
697,459
459,697
697,469
469,697
697,471
471,697
697,482
482,697
697,522
522,697
697,547
547,697
697,571
571,697
697,572
572,697
697,574
574,697
697,685
685,697
697,698
698,697
697,699
699,697
697,700
700,697
697,748
748,697
697,887
887,697
697,905
905,697
698,390
390,698
699,699
700,390
390,700
700,698
698,700
700,699
699,700
701,364
364,701
701,390
390,701
701,521
521,701
701,698
698,701
701,699
699,701
701,799
799,701
702,390
390,702
702,439
439,702
702,483
483,702
703,892
892,703
703,893
893,703
704,23
23,704
704,855
855,704
705,705
706,364
364,706
706,390
390,706
706,483
483,706
706,608
608,706
706,772
772,706
706,773
773,706
706,946
946,706
707,709
709,707
707,799
799,707
708,291
291,708
708,390
390,708
708,483
483,708
708,707
707,708
708,709
709,708
708,799
799,708
709,709
710,450
450,710
710,1148
1148,710
710,1533
1533,710
711,390
390,711
711,437
437,711
711,673
673,711
711,960
960,711
712,750
750,712
712,847
847,712
713,381
381,713
713,798
798,713
714,184
184,714
714,422
422,714
714,616
616,714
714,699
699,714
714,748
748,714
714,999
999,714
715,2739
2739,715
716,716
717,717
718,877
877,718
719,641
641,719
720,759
759,720
721,506
506,721
721,722
722,721
722,245
245,722
722,333
333,722
722,659
659,722
722,787
787,722
723,99
99,723
723,264
264,723
723,396
396,723
723,764
764,723
723,814
814,723
723,816
816,723
723,847
847,723
724,217
217,724
724,591
591,724
725,218
218,725
725,876
876,725
725,992
992,725
725,2340
2340,725
726,661
661,726
727,390
390,727
727,665
665,727
727,768
768,727
727,968
968,727
728,665
665,728
728,727
727,728
728,768
768,728
729,737
737,729
729,847
847,729
730,729
729,730
730,737
737,730
730,847
847,730
730,942
942,730
731,731
732,1
1,732
732,31
31,732
732,78
78,732
732,218
218,732
732,266
266,732
732,284
284,732
732,289
289,732
732,295
295,732
732,429
429,732
732,430
430,732
732,471
471,732
732,505
505,732
732,533
533,732
732,534
534,732
732,646
646,732
732,780
780,732
732,862
862,732
732,876
876,732
732,905
905,732
733,45
45,733
733,734
734,733
733,855
855,733
734,734
735,274
274,735
735,661
661,735
736,737
737,736
737,954
954,737
738,739
739,738
739,739
740,29
29,740
740,793
793,740
741,847
847,741
742,742
743,84
84,743
743,495
495,743
744,390
390,744
744,447
447,744
745,364
364,745
746,291
291,746
746,302
302,746
746,364
364,746
746,390
390,746
746,699
699,746
746,745
745,746
746,747
747,746
746,772
772,746
746,804
804,746
746,805
805,746
747,439
439,747
748,616
616,748
748,699
699,748
749,749
750,70
70,750
750,631
631,750
750,659
659,750
750,979
979,750
750,986
986,750
751,45
45,751
751,704
704,751
751,734
734,751
751,996
996,751
752,704
704,752
752,751
751,752
752,994
994,752
752,996
996,752
753,477
477,753
753,853
853,753
754,782
782,754
754,801
801,754
754,1254
1254,754
755,439
439,755
755,502
502,755
755,699
699,755
756,756
757,757
758,757
757,758
758,758
759,759
760,847
847,760
761,847
847,761
762,673
673,762
762,1001
1001,762
762,1376
1376,762
762,1990
1990,762
763,763
764,298
298,764
764,919
919,764
765,765
766,766
767,822
822,767
768,263
263,768
768,905
905,768
769,86
86,769
769,263
263,769
770,566
566,770
770,3040
3040,770
770,3041
3041,770
771,295
295,771
771,342
342,771
771,566
566,771
771,770
770,771
772,390
390,772
773,390
390,773
773,608
608,773
773,773
774,441
441,774
774,880
880,774
774,1236
1236,774
774,1633
1633,774
774,2118
2118,774
775,564
564,775
775,847
847,775
775,857
857,775
776,776
777,12
12,777
777,364
364,777
777,799
799,777
778,47
47,778
778,293
293,778
778,396
396,778
778,397
397,778
778,447
447,778
778,872
872,778
779,31
31,779
779,88
88,779
779,179
179,779
779,882
882,779
779,887
887,779
779,1006
1006,779
779,1279
1279,779
779,1664
1664,779
779,1895
1895,779
779,2202
2202,779
779,3028
3028,779
780,471
471,780
781,781
782,782
783,0
0,783
784,0
0,784
784,290
290,784
784,540
540,784
785,847
847,785
786,814
814,786
787,787
788,847
847,788
789,406
406,789
789,738
738,789
790,488
488,790
791,542
542,791
792,792
793,29
29,793
793,792
792,793
793,793
794,794
795,795
796,263
263,796
796,769
769,796
797,86
86,797
797,262
262,797
797,297
297,797
797,471
471,797
798,798
799,390
390,799
800,447
447,800
800,763
763,800
801,801
802,62
62,802
802,297
297,802
802,390
390,802
802,471
471,802
802,566
566,802
802,668
668,802
802,673
673,802
802,754
754,802
802,801
801,802
802,905
905,802
802,1004
1004,802
803,799
799,803
804,302
302,804
804,364
364,804
804,390
390,804
804,439
439,804
804,745
745,804
804,747
747,804
804,772
772,804
804,805
805,804
805,490
490,805
805,698
698,805
805,745
745,805
805,747
747,805
805,763
763,805
806,806
807,643
643,807
807,809
809,807
807,814
814,807
808,587
587,808
808,643
643,808
808,809
809,808
808,814
814,808
809,809
810,119
119,810
810,417
417,810
810,448
448,810
810,531
531,810
810,822
822,810
810,900
900,810
811,753
753,811
812,390
390,812
812,407
407,812
813,77
77,813
813,339
339,813
813,735
735,813
813,916
916,813
814,643
643,814
814,847
847,814
814,848
848,814
815,264
264,815
816,814
814,816
816,847
847,816
816,848
848,816
817,454
454,817
818,29
29,818
818,793
793,818
818,1708
1708,818
819,819
820,9
9,820
820,398
398,820
821,329
329,821
821,2591
2591,821
822,822
823,627
627,823
824,824
825,763
763,825
826,847
847,826
826,912
912,826
827,272
272,827
827,276
276,827
827,338
338,827
828,34
34,828
828,37
37,828
828,79
79,828
828,278
278,828
828,462
462,828
828,609
609,828
828,1543
1543,828
828,1667
1667,828
828,2202
2202,828
828,3028
3028,828
829,34
34,829
829,556
556,829
829,573
573,829
830,554
554,830
831,663
663,831
832,832
833,488
488,833
834,488
488,834
834,601
601,834
834,831
831,834
835,661
661,835
835,837
837,835
836,661
661,836
837,836
836,837
838,838
839,673
673,839
840,263
263,840
840,643
643,840
841,303
303,841
841,572
572,841
841,688
688,841
842,699
699,842
842,842
843,506
506,843
843,847
847,843
844,958
958,844
845,32
32,845
845,685
685,845
845,2183
2183,845
846,846
847,847
848,846
846,848
849,849
850,846
846,850
851,851
852,661
661,852
852,908
908,852
853,1916
1916,853
853,2050
2050,853
854,160
160,854
854,854
855,855
856,856
857,863
863,857
858,663
663,858
858,781
781,858
859,29
29,859
859,792
792,859
859,793
793,859
860,654
654,860
861,281
281,861
861,860
860,861
861,2455
2455,861
862,862
863,863
864,863
863,864
865,863
863,865
866,121
121,866
866,643
643,866
866,814
814,866
866,816
816,866
867,677
677,867
867,678
678,867
868,8
8,868
868,14
14,868
868,44
44,868
868,270
270,868
868,308
308,868
868,341
341,868
868,431
431,868
868,478
478,868
868,514
514,868
868,677
677,868
868,867
867,868
868,925
925,868
869,343
343,869
869,932
932,869
870,635
635,870
871,439
439,871
871,517
517,871
872,872
873,1168
1168,873
874,753
753,874
874,3155
3155,874
875,660
660,875
875,788
788,875
875,986
986,875
876,876
877,659
659,877
877,661
661,877
877,662
662,877
877,718
718,877
877,856
856,877
877,937
937,877
878,878
879,416
416,879
879,530
530,879
879,822
822,879
880,390
390,880
880,441
441,880
881,124
124,881
882,31
31,882
882,295
295,882
883,776
776,883
884,814
814,884
885,979
979,885
886,831
831,886
887,272
272,887
888,25
25,888
888,265
265,888
888,276
276,888
888,338
338,888
888,372
372,888
888,461
461,888
889,889
890,889
889,890
891,891
892,892
893,643
643,893
894,894
895,371
371,895
896,285
285,896
896,390
390,896
896,450
450,896
896,608
608,896
896,772
772,896
896,842
842,896
896,922
922,896
897,897
898,647
647,898
898,691
691,898
899,22
22,899
899,390
390,899
900,900
901,276
276,901
901,338
338,901
901,1004
1004,901
902,276
276,902
902,338
338,902
902,901
901,902
903,903
904,698
698,904
905,266
266,905
906,390
390,906
906,699
699,906
907,146
146,907
907,493
493,907
907,731
731,907
908,661
661,908
909,909
910,364
364,910
910,390
390,910
910,745
745,910
910,747
747,910
911,302
302,911
911,364
364,911
911,745
745,911
911,747
747,911
911,772
772,911
911,804
804,911
912,912
913,96
96,913
914,392
392,914
914,2651
2651,914
915,432
432,915
915,433
433,915
916,916
917,280
280,917
917,288
288,917
917,326
326,917
917,978
978,917
917,985
985,917
918,364
364,918
918,439
439,918
918,483
483,918
918,926
926,918
919,919
920,619
619,920
920,1004
1004,920
920,1005
1005,920
921,447
447,921
922,922
923,643
643,923
924,891
891,924
925,925
926,291
291,926
927,291
291,927
927,926
926,927
928,928
929,390
390,929
930,930
931,99
99,931
932,932
933,933
934,934
935,495
495,935
935,657
657,935
935,691
691,935
935,712
712,935
935,788
788,935
935,979
979,935
935,986
986,935
935,995
995,935
936,389
389,936
936,3020
3020,936
937,936
936,937
938,940
940,938
938,941
941,938
939,71
71,939
939,506
506,939
939,930
930,939
939,938
938,939
939,940
940,939
940,940
941,941
942,942
943,986
986,943
944,61
61,944
944,943
943,944
945,11
11,945
945,204
204,945
946,2031
2031,946
946,2865
2865,946
947,24
24,947
947,378
378,947
948,329
329,948
948,661
661,948
949,5
5,949
949,63
63,949
949,97
97,949
950,487
487,950
950,488
488,950
950,611
611,950
951,477
477,951
952,24
24,952
952,99
99,952
952,164
164,952
952,423
423,952
952,518
518,952
952,552
552,952
952,588
588,952
953,953
954,0
0,954
955,488
488,955
955,612
612,955
955,613
613,955
956,275
275,956
956,522
522,956
956,714
714,956
956,748
748,956
956,999
999,956
956,1000
1000,956
957,650
650,957
958,958
959,959
959,986
986,959
960,960
961,961
962,2
2,962
962,3151
3151,962
963,2130
2130,963
964,488
488,964
964,612
612,964
964,834
834,964
965,577
577,965
965,612
612,965
966,847
847,966
967,447
447,967
968,968
969,968
968,969
970,9
9,970
970,158
158,970
970,824
824,970
970,933
933,970
971,55
55,971
971,362
362,971
971,524
524,971
971,972
972,971
972,972
973,389
389,973
974,947
947,974
974,2339
2339,974
975,410
410,975
975,564
564,975
976,2214
2214,976
977,977
978,591
591,978
978,1549
1549,978
979,495
495,979
979,631
631,979
979,659
659,979
979,731
731,979
979,743
743,979
980,631
631,980
980,659
659,980
980,847
847,980
980,848
848,980
980,979
979,980
980,986
986,980
981,981
982,348
348,982
982,981
981,982
983,847
847,983
983,848
848,983
984,847
847,984
984,848
848,984
985,848
848,985
986,659
659,986
986,660
660,986
987,28
28,987
987,275
275,987
987,422
422,987
987,522
522,987
987,699
699,987
987,714
714,987
987,748
748,987
987,999
999,987
988,631
631,988
989,989
990,980
980,990
990,989
989,990
990,994
994,990
991,991
992,876
876,992
993,3085
3085,993
994,643
643,994
994,996
996,994
995,631
631,995
995,986
986,995
996,847
847,996
997,96
96,997
998,616
616,998
998,748
748,998
998,998
998,999
999,998
998,1000
1000,998
999,184
184,999
999,522
522,999
999,616
616,999
999,699
699,999
999,714
714,999
999,748
748,999
1000,184
184,1000
1000,275
275,1000
1000,390
390,1000
1000,522
522,1000
1000,554
554,1000
1000,616
616,1000
1000,699
699,1000
1000,714
714,1000
1000,748
748,1000
1000,998
998,1000
1000,999
999,1000
1000,1000
1001,1001
1002,141
141,1002
1002,144
144,1002
1002,418
418,1002
1002,817
817,1002
1003,416
416,1003
1003,631
631,1003
1003,659
659,1003
1004,1004
1005,1005
1006,86
86,1006
1006,460
460,1006
1006,780
780,1006
1007,296
296,1007
1007,372
372,1007
1007,501
501,1007
1007,502
502,1007
1007,655
655,1007
1008,1008
1009,245
245,1009
1009,320
320,1009
1009,631
631,1009
1009,659
659,1009
1009,691
691,1009
1009,729
729,1009
1009,741
741,1009
1010,39
39,1010
1010,298
298,1010
1010,488
488,1010
1010,644
644,1010
1010,886
886,1010
1010,919
919,1010
1011,1011
1012,1012
1013,1297
1297,1013
1013,1967
1967,1013
1014,1059
1059,1014
1014,1380
1380,1014
1014,1680
1680,1014
1014,1744
1744,1014
1015,1015
1016,1016
1017,1017
1018,1018
1019,79
79,1019
1019,1312
1312,1019
1019,1354
1354,1019
1019,1743
1743,1019
1019,1938
1938,1019
1020,1496
1496,1020
1021,1021
1022,1022
1023,1023
1024,1024
1025,1414
1414,1025
1026,1957
1957,1026
1027,1905
1905,1027
1028,1048
1048,1028
1029,1029
1030,1941
1941,1030
1031,1645
1645,1031
1032,1032
1033,2014
2014,1033
1034,1011
1011,1034
1034,2007
2007,1034
1035,1035
1036,1036
1037,1042
1042,1037
1037,1615
1615,1037
1038,1038
1039,1039
1040,1040
1041,1041
1042,1037
1037,1042
1042,1615
1615,1042
1043,1043
1044,1044
1045,1045
1046,1046
1047,1047
1048,2063
2063,1048
1049,1049
1050,1942
1942,1050
1051,1051
1052,1787
1787,1052
1053,2135
2135,1053
1054,1054
1055,1055
1056,1056
1057,1057
1058,1058
1059,1014
1014,1059
1059,1380
1380,1059
1059,1733
1733,1059
1059,1744
1744,1059
1060,1060
1061,1374
1374,1061
1061,1460
1460,1061
1062,1374
1374,1062
1063,1063
1064,1064
1065,2027
2027,1065
1066,1066
1067,1067
1068,1068
1069,2137
2137,1069
1070,1500
1500,1070
1071,1731
1731,1071
1071,1985
1985,1071
1072,2156
2156,1072
1073,1387
1387,1073
1074,1379
1379,1074
1075,179
179,1075
1075,471
471,1075
1075,1073
1073,1075
1075,1220
1220,1075
1076,1040
1040,1076
1076,1599
1599,1076
1077,1077
1078,1040
1040,1078
1078,1076
1076,1078
1078,1371
1371,1078
1078,1599
1599,1078
1079,1079
1080,1406
1406,1080
1080,1657
1657,1080
1080,1731
1731,1080
1081,1081
1082,1716
1716,1082
1083,1083
1083,1373
1373,1083
1083,1912
1912,1083
1084,1084
1085,1728
1728,1085
1086,1479
1479,1086
1087,1577
1577,1087
1088,1500
1500,1088
1089,1297
1297,1089
1089,1347
1347,1089
1089,1500
1500,1089
1090,1392
1392,1090
1091,1972
1972,1091
1092,1092
1093,1065
1065,1093
1093,2027
2027,1093
1094,1094
1095,1864
1864,1095
1096,1878
1878,1096
1097,1886
1886,1097
1098,1661
1661,1098
1099,1767
1767,1099
1099,1768
1768,1099
1100,1029
1029,1100
1100,1634
1634,1100
1100,1695
1695,1100
1100,2105
2105,1100
1101,1101
1102,1102
1103,1103
1104,1459
1459,1104
1105,1606
1606,1105
1106,1106
1107,1038
1038,1107
1107,1090
1090,1107
1107,1769
1769,1107
1107,1776
1776,1107
1108,1108
1109,1029
1029,1109
1109,1401
1401,1109
1110,1564
1564,1110
1111,1920
1920,1111
1112,1952
1952,1112
1113,1113
1114,1114
1115,1383
1383,1115
1116,1116
1117,1154
1154,1117
1118,1101
1101,1118
1119,1119
1120,1120
1121,1121
1122,1690
1690,1122
1122,2742
2742,1122
1123,1060
1060,1123
1123,1864
1864,1123
1124,1460
1460,1124
1125,1125
1126,1857
1857,1126
1127,57
57,1127
1127,1047
1047,1127
1128,1589
1589,1128
1128,1590
1590,1128
1129,862
862,1129
1129,1631
1631,1129
1130,1822
1822,1130
1131,1646
1646,1131
1132,1106
1106,1132
1132,1860
1860,1132
1133,2046
2046,1133
1133,2169
2169,1133
1134,1134
1135,1154
1154,1135
1136,1136
1137,1137
1138,1043
1043,1138
1138,1634
1634,1138
1139,1145
1145,1139
1139,1716
1716,1139
1139,1842
1842,1139
1140,1460
1460,1140
1141,1081
1081,1141
1141,1866
1866,1141
1142,1730
1730,1142
1143,1143
1144,1416
1416,1144
1144,1481
1481,1144
1144,2105
2105,1144
1145,1716
1716,1145
1146,1389
1389,1146
1147,1147
1148,1390
1390,1148
1149,1589
1589,1149
1150,1507
1507,1150
1150,1912
1912,1150
1151,2049
2049,1151
1152,1373
1373,1152
1153,1153
1154,1154
1155,1155
1156,1975
1975,1156
1157,1492
1492,1157
1158,1158
1159,1159
1160,1160
1161,1056
1056,1161
1162,1381
1381,1162
1162,1517
1517,1162
1163,1500
1500,1163
1164,1795
1795,1164
1165,1165
1166,1908
1908,1166
1167,1523
1523,1167
1168,172
172,1168
1168,1050
1050,1168
1168,1524
1524,1168
1169,471
471,1169
1169,1075
1075,1169
1169,1220
1220,1169
1169,1387
1387,1169
1170,2166
2166,1170
1170,2169
2169,1170
1171,1066
1066,1171
1172,429
429,1172
1172,1710
1710,1172
1173,1812
1812,1173
1173,2332
2332,1173
1173,2948
2948,1173
1173,2955
2955,1173
1174,1038
1038,1174
1174,1090
1090,1174
1174,1769
1769,1174
1174,1776
1776,1174
1175,1175
1176,1021
1021,1176
1176,1896
1896,1176
1177,349
349,1177
1177,1374
1374,1177
1178,1178
1178,1870
1870,1178
1178,1944
1944,1178
1179,1407
1407,1179
1179,1996
1996,1179
1179,1997
1997,1179
1180,1180
1181,1637
1637,1181
1181,1638
1638,1181
1182,1541
1541,1182
1183,1202
1202,1183
1183,1841
1841,1183
1184,1464
1464,1184
1185,1530
1530,1185
1186,1806
1806,1186
1187,1114
1114,1187
1188,1619
1619,1188
1188,1918
1918,1188
1189,1080
1080,1189
1189,1583
1583,1189
1189,1657
1657,1189
1190,1078
1078,1190
1190,1613
1613,1190
1191,1230
1230,1191
1191,1727
1727,1191
1192,1730
1730,1192
1193,1857
1857,1193
1194,1680
1680,1194
1194,1731
1731,1194
1194,2135
2135,1194
1195,1080
1080,1195
1196,1083
1083,1196
1196,1180
1180,1196
1197,1005
1005,1197
1198,1678
1678,1198
1198,2278
2278,1198
1198,2494
2494,1198
1199,471
471,1199
1199,1220
1220,1199
1200,1107
1107,1200
1200,1174
1174,1200
1201,2060
2060,1201
1202,1202
1203,30
30,1203
1203,780
780,1203
1203,2148
2148,1203
1204,1204
1205,1848
1848,1205
1206,1206
1207,1352
1352,1207
1207,1539
1539,1207
1208,1204
1204,1208
1209,1068
1068,1209
1210,1120
1120,1210
1210,1206
1206,1210
1210,1818
1818,1210
1211,2137
2137,1211
1212,862
862,1212
1212,1039
1039,1212
1212,1850
1850,1212
1212,1937
1937,1212
1213,1155
1155,1213
1214,1158
1158,1214
1214,1708
1708,1214
1214,1994
1994,1214
1214,2004
2004,1214
1214,2006
2006,1214
1215,1542
1542,1215
1216,865
865,1216
1216,1413
1413,1216
1216,1421
1421,1216
1216,1519
1519,1216
1216,1675
1675,1216
1216,1848
1848,1216
1217,1772
1772,1217
1218,1460
1460,1218
1219,1219
1220,1220
1221,1900
1900,1221
1222,1803
1803,1222
1223,1223
1224,1626
1626,1224
1224,1706
1706,1224
1224,2009
2009,1224
1225,1411
1411,1225
1226,1568
1568,1226
1227,1079
1079,1227
1228,1456
1456,1228
1229,1063
1063,1229
1229,1707
1707,1229
1230,1230
1231,769
769,1231
1231,905
905,1231
1231,1416
1416,1231
1231,2157
2157,1231
1232,297
297,1232
1232,471
471,1232
1232,1456
1456,1232
1232,1457
1457,1232
1233,1520
1520,1233
1234,769
769,1234
1234,905
905,1234
1234,1416
1416,1234
1235,1456
1456,1235
1235,1550
1550,1235
1235,1588
1588,1235
1235,1749
1749,1235
1235,2025
2025,1235
1236,441
441,1236
1236,1015
1015,1236
1236,1058
1058,1236
1236,1067
1067,1236
1236,1070
1070,1236
1236,1088
1088,1236
1236,1150
1150,1236
1236,1219
1219,1236
1236,1242
1242,1236
1236,1396
1396,1236
1236,1500
1500,1236
1236,1687
1687,1236
1236,1860
1860,1236
1236,1891
1891,1236
1237,1653
1653,1237
1238,946
946,1238
1238,2031
2031,1238
1239,30
30,1239
1239,780
780,1239
1239,1788
1788,1239
1240,865
865,1240
1240,1413
1413,1240
1240,1675
1675,1240
1241,1989
1989,1241
1241,2795
2795,1241
1242,1860
1860,1242
1243,628
628,1243
1243,1461
1461,1243
1243,1648
1648,1243
1243,1706
1706,1243
1244,1030
1030,1244
1244,1941
1941,1244
1244,2128
2128,1244
1245,1079
1079,1245
1245,2076
2076,1245
1246,1866
1866,1246
1247,218
218,1247
1247,876
876,1247
1248,1029
1029,1248
1248,1141
1141,1248
1248,1538
1538,1248
1248,1911
1911,1248
1249,184
184,1249
1249,275
275,1249
1249,522
522,1249
1249,1416
1416,1249
1250,1125
1125,1250
1251,1067
1067,1251
1252,853
853,1252
1252,2049
2049,1252
1253,57
57,1253
1253,1051
1051,1253
1253,1253
1253,1636
1636,1253
1253,1890
1890,1253
1254,1050
1050,1254
1254,1057
1057,1254
1254,1524
1524,1254
1254,1787
1787,1254
1255,1255
1255,1528
1528,1255
1255,2139
2139,1255
1256,1120
1120,1256
1256,1206
1206,1256
1256,1818
1818,1256
1257,1159
1159,1257
1257,1852
1852,1257
1257,1880
1880,1257
1258,1706
1706,1258
1258,2006
2006,1258
1259,1820
1820,1259
1260,1693
1693,1260
1261,1261
1262,421
421,1262
1262,1150
1150,1262
1262,1509
1509,1262
1262,1646
1646,1262
1263,1612
1612,1263
1264,1017
1017,1264
1265,1878
1878,1265
1266,1540
1540,1266
1266,1861
1861,1266
1267,37
37,1267
1267,278
278,1267
1267,1724
1724,1267
1268,1381
1381,1268
1268,1517
1517,1268
1269,1745
1745,1269
1270,1820
1820,1270
1271,1865
1865,1271
1272,1383
1383,1272
1272,1649
1649,1272
1273,769
769,1273
1273,1454
1454,1273
1273,2053
2053,1273
1274,1044
1044,1274
1274,1892
1892,1274
1275,1622
1622,1275
1275,1924
1924,1275
1276,1918
1918,1276
1276,2098
2098,1276
1277,1277
1278,1278
1279,1279
1280,1574
1574,1280
1281,88
88,1281
1281,887
887,1281
1281,1678
1678,1281
1281,1850
1850,1281
1281,1998
1998,1281
1281,1999
1999,1281
1282,30
30,1282
1282,31
31,1282
1282,179
179,1282
1282,646
646,1282
1282,780
780,1282
1282,1740
1740,1282
1282,1766
1766,1282
1283,2042
2042,1283
1284,1264
1264,1284
1284,1416
1416,1284
1284,1642
1642,1284
1285,1423
1423,1285
1285,1503
1503,1285
1285,1704
1704,1285
1285,1980
1980,1285
1285,2050
2050,1285
1286,1046
1046,1286
1286,1125
1125,1286
1286,1532
1532,1286
1286,1902
1902,1286
1286,2657
2657,1286
1287,1159
1159,1287
1287,1451
1451,1287
1287,1573
1573,1287
1288,1780
1780,1288
1288,1787
1787,1288
1289,1636
1636,1289
1289,2034
2034,1289
1290,1349
1349,1290
1291,1291
1292,1292
1293,1293
1294,1150
1150,1294
1294,1506
1506,1294
1295,1852
1852,1295
1295,2018
2018,1295
1296,1892
1892,1296
1297,1297
1298,1465
1465,1298
1298,1770
1770,1298
1298,1918
1918,1298
1299,2121
2121,1299
1300,1901
1901,1300
1300,2080
2080,1300
1301,695
695,1301
1301,1151
1151,1301
1302,1046
1046,1302
1302,1125
1125,1302
1302,1532
1532,1302
1302,1902
1902,1302
1302,2657
2657,1302
1303,1519
1519,1303
1304,1473
1473,1304
1305,2081
2081,1305
1306,1418
1418,1306
1307,1307
1308,1918
1918,1308
1308,2049
2049,1308
1309,1037
1037,1309
1309,1040
1040,1309
1310,1483
1483,1310
1311,1990
1990,1311
1312,2593
2593,1312
1313,1395
1395,1313
1314,1406
1406,1314
1314,1584
1584,1314
1314,1657
1657,1314
1314,1731
1731,1314
1314,1735
1735,1314
1314,1736
1736,1314
1314,1737
1737,1314
1315,1625
1625,1315
1315,1810
1810,1315
1316,1406
1406,1316
1317,1094
1094,1317
1317,1108
1108,1317
1318,1637
1637,1318
1319,1522
1522,1319
1320,1646
1646,1320
1321,1562
1562,1321
1321,1646
1646,1321
1322,1226
1226,1322
1323,1522
1522,1323
1324,1683
1683,1324
1325,1683
1683,1325
1325,1839
1839,1325
1326,828
828,1326
1326,1543
1543,1326
1326,1662
1662,1326
1326,1667
1667,1326
1326,1796
1796,1326
1327,1977
1977,1327
1328,2083
2083,1328
1329,1153
1153,1329
1329,1438
1438,1329
1329,1516
1516,1329
1330,1247
1247,1330
1331,1517
1517,1331
1332,1338
1338,1332
1332,2005
2005,1332
1332,2050
2050,1332
1332,2112
2112,1332
1333,2080
2080,1333
1334,1699
1699,1334
1334,1804
1804,1334
1335,1517
1517,1335
1336,1004
1004,1336
1336,1005
1005,1336
1336,1586
1586,1336
1336,1831
1831,1336
1336,1863
1863,1336
1337,370
370,1337
1337,1870
1870,1337
1338,1338
1339,1106
1106,1339
1339,1273
1273,1339
1339,1560
1560,1339
1340,1852
1852,1340
1341,2008
2008,1341
1341,2056
2056,1341
1342,1153
1153,1342
1342,1438
1438,1342
1342,1516
1516,1342
1343,1343
1344,1291
1291,1344
1344,1382
1382,1344
1344,1889
1889,1344
1344,1926
1926,1344
1345,2068
2068,1345
1346,1484
1484,1346
1347,1500
1500,1347
1348,1348
1349,1349
1350,1985
1985,1350
1351,1351
1352,1352
1353,1348
1348,1353
1354,1354
1355,1368
1368,1355
1355,1414
1414,1355
1356,1638
1638,1356
1356,2083
2083,1356
1357,31
31,1357
1357,471
471,1357
1358,1386
1386,1358
1359,1406
1406,1359
1359,1657
1657,1359
1359,1731
1731,1359
1359,1735
1735,1359
1359,1736
1736,1359
1359,1737
1737,1359
1360,1175
1175,1360
1360,1905
1905,1360
1361,1446
1446,1361
1362,1661
1661,1362
1363,1363
1364,1406
1406,1364
1364,1731
1731,1364
1365,1014
1014,1365
1365,1059
1059,1365
1366,1366
1367,1406
1406,1367
1368,1414
1414,1368
1369,1160
1160,1369
1369,2083
2083,1369
1370,1406
1406,1370
1371,1371
1372,2088
2088,1372
1373,1373
1374,522
522,1374
1374,1460
1460,1374
1375,1637
1637,1375
1375,1638
1638,1375
1376,1376
1377,1446
1446,1377
1378,1014
1014,1378
1378,1059
1059,1378
1378,1380
1380,1378
1378,1680
1680,1378
1378,1744
1744,1378
1379,1379
1380,1406
1406,1380
1381,1381
1382,1382
1383,471
471,1383
1384,1386
1386,1384
1385,1175
1175,1385
1385,1385
1385,2174
2174,1385
1386,1386
1387,1220
1220,1387
1388,1437
1437,1388
1389,1389
1390,1083
1083,1390
1391,1391
1392,1392
1393,1896
1896,1393
1394,677
677,1394
1394,1537
1537,1394
1394,2136
2136,1394
1395,1113
1113,1395
1396,1396
1397,1397
1398,1970
1970,1398
1398,1971
1971,1398
1398,2019
2019,1398
1399,1970
1970,1399
1400,1970
1970,1400
1400,1971
1971,1400
1400,2019
2019,1400
1401,1401
1402,2022
2022,1402
1403,1148
1148,1403
1404,1038
1038,1404
1404,1090
1090,1404
1404,1107
1107,1404
1404,1174
1174,1404
1404,1776
1776,1404
1404,1924
1924,1404
1405,1405
1406,1406
1407,1681
1681,1407
1408,429
429,1408
1409,429
429,1409
1409,1512
1512,1409
1409,1681
1681,1409
1409,1710
1710,1409
1409,1957
1957,1409
1410,1374
1374,1410
1411,1615
1615,1411
1412,1343
1343,1412
1413,1413
1414,1368
1368,1414
1415,1368
1368,1415
1415,1414
1414,1415
1416,1416
1417,1013
1013,1417
1417,1500
1500,1417
1417,1725
1725,1417
1418,1418
1419,1419
1420,705
705,1420
1421,1421
1422,1134
1134,1422
1422,1542
1542,1422
1422,1655
1655,1422
1422,1916
1916,1422
1422,2006
2006,1422
1423,2050
2050,1423
1424,1424
1425,1107
1107,1425
1425,1174
1174,1425
1426,1426
1427,1013
1013,1427
1427,1545
1545,1427
1427,1725
1725,1427
1428,1428
1429,1428
1428,1429
1430,1862
1862,1430
1431,1416
1416,1431
1432,1203
1203,1432
1432,2151
2151,1432
1433,2151
2151,1433
1434,1436
1436,1434
1435,1435
1436,1435
1435,1436
1437,1437
1438,1438
1439,1015
1015,1439
1439,1083
1083,1439
1439,1444
1444,1439
1439,1478
1478,1439
1439,1891
1891,1439
1440,1015
1015,1440
1440,1083
1083,1440
1440,1439
1439,1440
1440,1444
1444,1440
1440,1478
1478,1440
1441,1101
1101,1441
1442,1047
1047,1442
1443,1443
1444,1444
1445,1405
1405,1445
1446,1446
1447,1446
1446,1447
1448,1446
1446,1448
1449,1352
1352,1449
1449,1978
1978,1449
1450,1450
1451,1451
1452,1618
1618,1452
1452,2002
2002,1452
1453,1045
1045,1453
1453,1470
1470,1453
1454,1273
1273,1454
1455,1455
1456,1456
1457,1457
1458,1458
1459,1459
1460,522
522,1460
1461,628
628,1461
1461,1158
1158,1461
1461,2004
2004,1461
1462,1379
1379,1462
1463,2052
2052,1463
1464,522
522,1464
1464,1460
1460,1464
1465,1878
1878,1465
1466,1466
1467,1467
1467,1468
1468,1467
1468,1468
1469,1678
1678,1469
1469,2278
2278,1469
1469,2494
2494,1469
1470,1470
1471,1783
1783,1471
1472,1473
1473,1472
1473,1473
1474,1474
1475,1475
1476,1368
1368,1476
1476,1414
1414,1476
1476,1791
1791,1476
1477,1477
1478,441
441,1478
1478,1528
1528,1478
1478,1690
1690,1478
1479,1479
1480,1086
1086,1480
1480,1479
1479,1480
1481,1481
1482,1482
1482,1674
1674,1482
1483,1483
1484,1484
1485,1036
1036,1485
1486,1759
1759,1486
1487,1031
1031,1487
1487,1794
1794,1487
1487,1930
1930,1487
1487,2003
2003,1487
1488,961
961,1488
1488,1031
1031,1488
1488,1645
1645,1488
1489,31
31,1489
1489,218
218,1489
1489,876
876,1489
1489,1863
1863,1489
1490,1096
1096,1490
1490,1709
1709,1490
1490,2052
2052,1490
1491,1035
1035,1491
1491,1054
1054,1491
1492,1492
1493,1312
1312,1493
1494,108
108,1494
1494,201
201,1494
1494,1136
1136,1494
1494,1577
1577,1494
1495,1733
1733,1495
1496,1496
1497,1497
1498,130
130,1498
1498,2139
2139,1498
1499,1500
1500,1499
1500,1500
1501,1501
1502,1501
1501,1502
1502,1877
1877,1502
1503,1503
1504,1379
1379,1504
1505,1243
1243,1505
1506,1150
1150,1506
1507,1507
1508,1150
1150,1508
1508,1687
1687,1508
1509,615
615,1509
1510,1510
1511,1168
1168,1511
1511,1707
1707,1511
1512,429
429,1512
1512,1710
1710,1512
1513,284
284,1513
1513,1710
1710,1513
1514,1230
1230,1514
1514,1241
1241,1514
1514,1727
1727,1514
1514,1979
1979,1514
1514,1989
1989,1514
1515,1068
1068,1515
1516,1516
1517,1517
1518,2282
2282,1518
1519,1518
1518,1519
1520,1520
1521,1046
1046,1521
1522,1522
1523,1779
1779,1523
1524,1018
1018,1524
1525,1525
1526,1526
1527,1024
1024,1527
1527,1077
1077,1527
1528,1690
1690,1528
1529,2169
2169,1529
1529,2654
2654,1529
1529,3021
3021,1529
1529,3305
3305,1529
1530,1578
1578,1530
1531,441
441,1531
1531,1801
1801,1531
1531,2658
2658,1531
1532,1046
1046,1532
1532,1532
1532,2658
2658,1532
1533,1533
1534,1443
1443,1534
1535,1443
1443,1535
1536,57
57,1536
1536,1038
1038,1536
1536,2119
2119,1536
1537,1537
1538,1538
1539,1352
1352,1539
1540,1222
1222,1540
1540,1541
1541,1540
1540,1799
1799,1540
1541,1541
1542,1423
1423,1542
1542,2050
2050,1542
1543,1543
1544,1168
1168,1544
1545,1013
1013,1545
1545,1725
1725,1545
1546,1546
1547,1546
1546,1547
1548,1193
1193,1548
1548,1966
1966,1548
1549,978
978,1549
1549,1017
1017,1549
1549,1549
1549,1624
1624,1549
1550,1457
1457,1550
1551,1148
1148,1551
1552,1864
1864,1552
1553,1554
1554,1553
1554,1553
1553,1554
1554,1831
1831,1554
1555,1555
1555,1556
1556,1555
1556,1556
1557,1557
1558,1557
1557,1558
1559,1686
1686,1559
1560,1560
1561,1759
1759,1561
1562,1562
1563,1564
1564,1563
1564,1564
1565,1564
1564,1565
1566,1386
1386,1566
1567,1935
1935,1567
1568,1568
1569,1473
1473,1569
1569,1601
1601,1569
1570,1473
1473,1570
1571,1158
1158,1571
1571,2004
2004,1571
1571,2006
2006,1571
1572,1916
1916,1572
1573,1573
1574,1574
1575,1877
1877,1575
1576,1782
1782,1576
1576,1935
1935,1576
1577,1577
1578,1578
1579,1100
1100,1579
1579,2105
2105,1579
1580,1580
1581,1524
1524,1581
1582,1391
1391,1582
1582,1853
1853,1582
1583,1080
1080,1583
1583,1314
1314,1583
1583,1359
1359,1583
1583,1657
1657,1583
1583,1731
1731,1583
1583,1736
1736,1583
1584,1406
1406,1584
1584,1657
1657,1584
1584,1731
1731,1584
1584,1985
1985,1584
1585,1472
1472,1585
1586,1005
1005,1586
1587,34
34,1587
1587,1197
1197,1587
1587,1586
1586,1587
1588,1128
1128,1588
1588,1456
1456,1588
1589,1589
1590,1463
1463,1590
1590,1589
1589,1590
1590,2052
2052,1590
1591,1380
1380,1591
1592,1594
1594,1592
1593,1592
1592,1593
1593,1594
1594,1593
1593,1692
1692,1593
1594,1594
1595,1595
1596,1595
1595,1596
1597,1004
1004,1597
1598,1597
1597,1598
1599,1599
1600,1078
1078,1600
1600,1599
1599,1600
1601,1601
1602,1448
1448,1602
1603,1878
1878,1603
1604,1120
1120,1604
1604,1206
1206,1604
1604,1606
1606,1604
1605,1379
1379,1605
1606,1120
1120,1606
1606,1206
1206,1606
1607,1896
1896,1607
1608,57
57,1608
1608,1090
1090,1608
1608,1392
1392,1608
1609,1101
1101,1609
1609,1972
1972,1609
1610,1310
1310,1610
1611,2155
2155,1611
1612,1706
1706,1612
1613,1047
1047,1613
1613,1599
1599,1613
1614,1615
1615,1614
1615,1615
1616,1616
1616,1875
1875,1616
1617,1705
1705,1617
1617,1820
1820,1617
1618,1618
1619,1619
1620,1620
1621,1621
1622,1622
1623,1623
1623,1817
1817,1623
1624,1549
1549,1624
1624,1903
1903,1624
1625,1625
1626,1626
1627,1729
1729,1627
1628,1424
1424,1628
1628,1752
1752,1628
1628,1753
1753,1628
1628,1949
1949,1628
1629,1153
1153,1629
1629,1585
1585,1629
1630,1630
1631,1631
1632,1632
1633,378
378,1633
1633,1851
1851,1633
1634,1634
1635,1753
1753,1635
1636,57
57,1636
1636,1038
1038,1636
1636,1047
1047,1636
1637,1638
1638,1637
1637,2083
2083,1637
1638,1637
1637,1638
1639,1509
1509,1639
1639,1673
1673,1639
1640,1640
1641,1754
1754,1641
1642,554
554,1642
1643,1972
1972,1643
1644,1644
1645,1031
1031,1645
1646,1646
1647,1556
1556,1647
1648,1186
1186,1648
1648,1461
1461,1648
1648,2050
2050,1648
1649,1383
1383,1649
1650,30
30,1650
1650,179
179,1650
1650,567
567,1650
1650,646
646,1650
1650,780
780,1650
1650,1383
1383,1650
1650,1649
1649,1650
1651,1079
1079,1651
1651,1823
1823,1651
1651,3262
3262,1651
1652,1652
1653,1653
1654,1787
1787,1654
1655,1655
1656,1833
1833,1656
1657,1731
1731,1657
1657,1732
1732,1657
1658,1406
1406,1658
1658,1731
1731,1658
1659,1150
1150,1659
1659,1659
1660,1660
1661,1479
1479,1661
1661,1525
1525,1661
1661,1660
1660,1661
1662,1662
1663,1873
1873,1663
1663,1920
1920,1663
1664,780
780,1664
1665,1034
1034,1665
1666,1034
1034,1666
1667,1667
1668,1273
1273,1668
1668,1560
1560,1668
1668,1860
1860,1668
1669,1820
1820,1669
1670,1670
1671,1670
1670,1671
1672,1390
1390,1672
1673,1102
1102,1673
1673,1959
1959,1673
1674,1121
1121,1674
1675,855
855,1675
1676,1094
1094,1676
1676,1108
1108,1676
1677,1677
1678,21
21,1678
1679,1037
1037,1679
1679,1040
1040,1679
1679,1042
1042,1679
1679,1047
1047,1679
1679,1411
1411,1679
1679,1475
1475,1679
1680,1731
1731,1680
1680,2135
2135,1680
1681,1681
1682,57
57,1682
1682,1038
1038,1682
1682,1636
1636,1682
1683,1683
1684,1683
1683,1684
1684,1878
1878,1684
1685,1599
1599,1685
1686,1686
1687,1148
1148,1687
1687,1533
1533,1687
1688,1390
1390,1688
1689,1908
1908,1689
1690,1695
1695,1690
1691,1691
1692,1692
1693,1693
1694,1694
1695,1695
1696,1696
1697,1696
1696,1697
1698,1929
1929,1698
1698,3123
3123,1698
1699,1804
1804,1699
1700,1510
1510,1700
1701,326
326,1701
1702,1702
1703,1702
1702,1703
1703,2049
2049,1703
1704,1045
1045,1704
1704,1470
1470,1704
1704,1705
1705,1704
1704,2080
2080,1704
1705,1045
1045,1705
1705,1470
1470,1705
1705,1916
1916,1705
1705,2080
2080,1705
1706,1706
1707,969
969,1707
1707,1063
1063,1707
1707,2210
2210,1707
1708,1708
1709,1709
1710,429
429,1710
1711,1223
1223,1711
1712,1223
1223,1712
1713,1223
1223,1713
1714,291
291,1714
1714,616
616,1714
1714,1273
1273,1714
1714,2686
2686,1714
1715,1406
1406,1715
1715,1408
1408,1715
1716,1716
1716,1717
1717,1716
1717,1716
1716,1717
1717,1717
1717,1729
1729,1717
1718,1068
1068,1718
1719,1644
1644,1719
1720,1720
1721,429
429,1721
1721,993
993,1721
1721,1254
1254,1721
1721,1919
1919,1721
1722,1722
1723,441
441,1723
1723,1100
1100,1723
1723,1528
1528,1723
1723,2105
2105,1723
1724,37
37,1724
1724,79
79,1724
1724,218
218,1724
1724,278
278,1724
1724,876
876,1724
1724,1677
1677,1724
1725,1297
1297,1725
1725,1967
1967,1725
1726,1374
1374,1726
1727,1366
1366,1727
1727,1797
1797,1727
1727,1816
1816,1727
1728,1728
1729,1728
1728,1729
1730,1730
1731,1406
1406,1731
1731,1731
1731,1732
1732,1731
1732,1406
1406,1732
1733,1406
1406,1733
1734,1985
1985,1734
1735,1657
1657,1735
1735,1731
1731,1735
1735,1736
1736,1735
1736,1406
1406,1736
1736,1657
1657,1736
1736,1731
1731,1736
1736,1735
1735,1736
1736,1737
1737,1736
1737,1406
1406,1737
1737,1657
1657,1737
1737,1731
1731,1737
1737,1735
1735,1737
1738,1493
1493,1738
1738,1842
1842,1738
1738,1843
1843,1738
1739,1918
1918,1739
1740,31
31,1740
1740,1740
1741,12
12,1741
1741,1740
1740,1741
1742,1079
1079,1742
1743,1743
1744,1071
1071,1744
1744,1733
1733,1744
1745,1409
1409,1745
1746,1496
1496,1746
1747,677
677,1747
1747,678
678,1747
1747,867
867,1747
1747,1135
1135,1747
1747,1630
1630,1747
1747,1720
1720,1747
1747,1984
1984,1747
1747,1986
1986,1747
1747,2136
2136,1747
1748,1209
1209,1748
1748,1515
1515,1748
1749,1749
1750,1261
1261,1750
1751,2106
2106,1751
1752,1752
1753,1753
1754,1754
1755,1755
1756,1756
1757,1386
1386,1757
1758,1386
1386,1758
1759,1033
1033,1759
1759,1363
1363,1759
1759,1946
1946,1759
1759,2014
2014,1759
1760,1760
1761,184
184,1761
1761,748
748,1761
1761,1460
1460,1761
1761,1464
1464,1761
1761,1526
1526,1761
1762,1762
1763,1546
1546,1763
1764,1764
1765,1421
1421,1765
1766,1740
1740,1766
1767,1768
1768,1767
1768,1768
1769,57
57,1769
1769,1038
1038,1769
1770,1420
1420,1770
1770,1771
1771,1770
1771,1770
1770,1771
1772,1626
1626,1772
1773,1614
1614,1773
1774,1781
1781,1774
1775,1775
1776,1047
1047,1776
1776,1775
1775,1776
1776,2034
2034,1776
1777,1793
1793,1777
1777,2048
2048,1777
1778,1778
1779,1779
1780,1787
1787,1780
1781,1460
1460,1781
1782,1935
1935,1782
1783,1783
1784,1756
1756,1784
1784,1786
1786,1784
1784,1927
1927,1784
1784,1928
1928,1784
1784,2022
2022,1784
1785,1756
1756,1785
1785,1927
1927,1785
1785,1928
1928,1785
1786,1786
1787,1787
1788,30
30,1788
1788,780
780,1788
1788,1165
1165,1788
1788,2066
2066,1788
1789,1787
1787,1789
1790,1847
1847,1790
1790,1915
1915,1790
1790,1927
1927,1790
1790,1928
1928,1790
1790,2022
2022,1790
1791,1791
1792,1792
1793,1794
1794,1793
1794,795
795,1794
1794,1792
1792,1794
1795,1795
1796,1796
1797,1797
1798,1798
1799,1799
1800,2153
2153,1800
1801,441
441,1801
1801,1138
1138,1801
1801,1632
1632,1801
1801,1633
1633,1801
1801,1851
1851,1801
1801,2168
2168,1801
1802,1376
1376,1802
1803,1803
1804,343
343,1804
1805,1806
1806,1805
1805,2145
2145,1805
1806,1806
1807,1222
1222,1807
1807,1799
1799,1807
1807,2847
2847,1807
1808,1808
1809,1809
1810,1640
1640,1810
1810,1694
1694,1810
1811,795
795,1811
1811,1064
1064,1811
1811,1230
1230,1811
1811,1727
1727,1811
1811,1764
1764,1811
1811,1900
1900,1811
1811,1918
1918,1811
1812,1812
1813,1812
1812,1813
1813,2263
2263,1813
1813,2955
2955,1813
1813,2957
2957,1813
1814,1528
1528,1814
1814,1690
1690,1814
1815,1691
1691,1815
1816,1816
1817,1817
1818,1120
1120,1818
1818,1206
1206,1818
1818,1256
1256,1818
1818,1560
1560,1818
1819,1994
1994,1819
1820,1820
1821,1226
1226,1821
1822,1406
1406,1822
1823,1079
1079,1823
1823,3262
3262,1823
1824,56
56,1824
1824,1512
1512,1824
1825,1948
1948,1825
1826,1523
1523,1826
1827,1827
1828,1043
1043,1828
1828,1634
1634,1828
1828,1695
1695,1828
1828,2139
2139,1828
1829,1602
1602,1829
1829,3037
3037,1829
1830,1689
1689,1830
1831,1831
1832,1832
1833,1832
1832,1833
1834,1838
1838,1834
1835,1755
1755,1835
1836,1183
1183,1836
1836,1755
1755,1836
1836,1835
1835,1836
1836,1838
1838,1836
1837,1183
1183,1837
1837,1755
1755,1837
1837,1834
1834,1837
1837,1838
1838,1837
1838,1838
1839,1839
1840,1101
1101,1840
1841,1202
1202,1841
1842,1609
1609,1842
1843,1843
1844,1693
1693,1844
1845,1423
1423,1845
1845,2000
2000,1845
1845,2049
2049,1845
1846,2048
2048,1846
1846,2049
2049,1846
1847,1847
1848,1848
1849,1848
1848,1849
1849,3124
3124,1849
1850,862
862,1850
1850,1458
1458,1850
1851,1851
1852,1852
1853,1918
1918,1853
1854,1292
1292,1854
1854,1760
1760,1854
1855,1920
1920,1855
1856,1856
1857,1857
1858,339
339,1858
1858,1857
1857,1858
1859,1857
1857,1859
1860,1860
1861,1861
1862,1862
1863,1863
1864,1101
1101,1864
1865,1865
1866,1867
1867,1866
1867,2696
2696,1867
1868,1652
1652,1868
1868,1856
1856,1868
1869,1869
1870,1870
1871,1178
1178,1871
1872,1031
1031,1872
1872,1488
1488,1872
1873,1869
1869,1873
1873,1919
1919,1873
1874,1147
1147,1874
1874,1743
1743,1874
1875,1023
1023,1875
1876,768
768,1876
1876,2081
2081,1876
1877,1877
1878,1878
1879,1879
1880,1880
1881,1343
1343,1881
1882,1882
1883,1646
1646,1883
1884,1884
1885,1131
1131,1885
1885,1646
1646,1885
1885,1883
1883,1885
1885,1884
1884,1885
1886,1886
1887,1717
1717,1887
1887,1888
1888,1887
1888,1888
1889,1382
1382,1889
1889,2916
2916,1889
1890,1890
1891,1046
1046,1891
1891,1125
1125,1891
1891,1690
1690,1891
1892,1892
1893,1043
1043,1893
1893,1116
1116,1893
1893,1351
1351,1893
1893,1634
1634,1893
1893,1894
1894,1893
1894,956
956,1894
1894,1893
1893,1894
1895,646
646,1895
1895,780
780,1895
1896,1896
1897,1176
1176,1897
1897,2969
2969,1897
1898,1898
1899,422
422,1899
1899,1898
1898,1899
1900,1900
1901,1922
1922,1901
1902,1046
1046,1902
1903,1903
1904,1372
1372,1904
1905,1905
1906,1906
1907,1022
1022,1907
1908,1908
1909,1477
1477,1909
1910,1910
1911,1762
1762,1911
1911,1910
1910,1911
1911,1924
1924,1911
1912,1083
1083,1912
1913,1913
1914,1914
1915,1915
1916,1916
1917,1918
1918,1917
1918,1940
1940,1918
1919,1919
1920,1919
1919,1920
1921,179
179,1921
1921,553
553,1921
1921,780
780,1921
1921,1419
1419,1921
1921,1474
1474,1921
1921,1664
1664,1921
1921,1991
1991,1921
1921,2064
2064,1921
1921,2149
2149,1921
1921,2161
2161,1921
1922,1922
1923,1406
1406,1923
1924,1924
1925,1925
1926,2080
2080,1926
1927,1928
1928,1927
1927,2022
2022,1927
1928,1928
1929,1929
1930,1293
1293,1930
1931,1079
1079,1931
1932,1504
1504,1932
1933,865
865,1933
1933,1421
1421,1933
1933,1675
1675,1933
1934,172
172,1934
1934,1524
1524,1934
1935,1935
1936,1935
1935,1936
1937,1
1,1937
1937,862
862,1937
1937,1129
1129,1937
1937,1850
1850,1937
1938,1938
1939,1083
1083,1939
1940,1940
1941,1406
1406,1941
1942,1942
1943,1061
1061,1943
1944,1045
1045,1944
1944,1470
1470,1944
1944,1870
1870,1944
1944,1886
1886,1944
1945,1185
1185,1945
1945,1870
1870,1945
1945,1944
1944,1945
1946,1363
1363,1946
1946,1759
1759,1946
1947,1759
1759,1947
1948,1949
1949,1948
1949,1752
1752,1949
1949,1753
1753,1949
1950,1081
1081,1950
1950,1599
1599,1950
1951,553
553,1951
1951,887
887,1951
1951,1850
1850,1951
1952,1147
1147,1952
1952,1952
1953,1292
1292,1953
1953,1760
1760,1953
1954,1045
1045,1954
1954,1470
1470,1954
1954,2002
2002,1954
1954,2080
2080,1954
1955,1045
1045,1955
1955,1470
1470,1955
1955,2002
2002,1955
1956,1383
1383,1956
1957,1957
1958,354
354,1958
1958,1102
1102,1958
1958,1673
1673,1958
1958,1959
1959,1958
1959,1959
1960,695
695,1960
1960,1151
1151,1960
1961,1055
1055,1961
1961,1066
1066,1961
1962,1055
1055,1962
1962,1066
1066,1962
1963,1055
1055,1963
1963,1066
1066,1963
1964,1137
1137,1964
1964,1203
1203,1964
1964,1223
1223,1964
1964,1972
1972,1964
1964,2049
2049,1964
1964,2121
2121,1964
1965,1348
1348,1965
1965,1353
1353,1965
1965,1903
1903,1965
1966,1857
1857,1966
1967,1967
1968,862
862,1968
1968,1972
1972,1968
1968,2160
2160,1968
1969,862
862,1969
1969,905
905,1969
1969,1129
1129,1969
1970,1970
1971,1970
1970,1971
1972,1972
1973,1975
1975,1973
1974,1809
1809,1974
1974,1977
1977,1974
1975,1975
1976,1279
1279,1976
1976,1357
1357,1976
1977,1637
1637,1977
1978,1979
1979,1978
1979,1374
1374,1979
1979,1460
1460,1979
1980,1045
1045,1980
1980,1143
1143,1980
1980,1423
1423,1980
1980,1470
1470,1980
1980,1542
1542,1980
1980,2050
2050,1980
1981,57
57,1981
1981,2034
2034,1981
1982,1388
1388,1982
1982,1437
1437,1982
1983,1388
1388,1983
1984,677
677,1984
1984,678
678,1984
1985,1731
1731,1985
1985,1732
1732,1985
1986,8
8,1986
1986,308
308,1986
1987,1988
1988,1987
1988,1875
1875,1988
1989,1989
1990,1990
1991,30
30,1991
1991,179
179,1991
1991,780
780,1991
1991,1664
1664,1991
1991,1895
1895,1991
1992,1691
1691,1992
1992,1815
1815,1992
1993,1691
1691,1993
1994,1994
1995,1995
1996,1997
1997,1996
1997,1995
1995,1997
1998,88
88,1998
1998,887
887,1998
1998,1850
1850,1998
1999,88
88,1999
1999,887
887,1999
1999,1678
1678,1999
1999,1850
1850,1999
1999,1976
1976,1999
2000,2000
2001,2049
2049,2001
2002,1045
1045,2002
2002,1470
1470,2002
2002,2003
2003,2002
2003,2003
2004,2004
2005,1461
1461,2005
2005,2006
2006,2005
2005,2110
2110,2005
2006,2050
2050,2006
2007,2007
2008,1435
1435,2008
2008,1530
1530,2008
2009,1092
1092,2009
2009,1626
1626,2009
2009,1772
1772,2009
2010,2010
2011,2010
2010,2011
2012,1479
1479,2012
2012,1879
1879,2012
2012,2010
2010,2012
2012,2011
2011,2012
2013,1638
1638,2013
2014,1033
1033,2014
2014,2015
2015,2014
2015,1033
1033,2015
2015,2014
2014,2015
2016,2016
2017,2016
2016,2017
2018,616
616,2018
2019,2019
2020,1278
1278,2020
2021,2021
2022,1928
1928,2022
2022,2022
2023,1918
1918,2023
2024,1013
1013,2024
2024,1046
1046,2024
2024,1058
1058,2024
2024,1236
1236,2024
2024,1445
1445,2024
2024,1500
1500,2024
2024,1725
1725,2024
2024,1801
1801,2024
2024,2118
2118,2024
2025,2052
2052,2025
2026,1093
1093,2026
2026,1637
1637,2026
2026,1977
1977,2026
2027,2027
2028,1011
1011,2028
2028,2040
2040,2028
2029,1011
1011,2029
2029,2040
2040,2029
2030,2030
2031,1012
1012,2031
2031,1349
1349,2031
2032,1903
1903,2032
2032,1980
1980,2032
2032,2033
2033,2032
2032,2049
2049,2032
2032,2050
2050,2032
2033,1903
1903,2033
2033,1980
1980,2033
2033,2049
2049,2033
2033,2050
2050,2033
2034,2034
2035,1374
1374,2035
2036,1041
1041,2036
2036,1119
1119,2036
2036,1307
1307,2036
2036,1475
1475,2036
2037,1307
1307,2037
2037,3228
3228,2037
2038,2039
2039,2038
2039,2039
2040,2040
2041,1524
1524,2041
2042,2042
2043,1254
1254,2043
2043,1277
1277,2043
2043,1366
1366,2043
2043,1580
1580,2043
2044,1222
1222,2044
2044,1799
1799,2044
2044,2274
2274,2044
2044,2664
2664,2044
2045,1466
1466,2045
2046,2046
2047,2046
2046,2047
2048,1819
1819,2048
2048,1906
1906,2048
2048,2049
2049,2048
2049,2049
2050,2049
2049,2050
2051,1896
1896,2051
2052,2052
2053,2053
2054,2055
2055,2054
2054,2145
2145,2054
2055,2055
2056,2055
2055,2056
2057,1701
1701,2057
2058,1114
1114,2058
2059,1114
1114,2059
2060,2060
2061,1356
1356,2061
2062,2126
2126,2062
2063,2063
2064,30
30,2064
2064,646
646,2064
2064,780
780,2064
2064,1019
1019,2064
2064,2091
2091,2064
2065,1474
1474,2065
2065,2064
2064,2065
2066,1165
1165,2066
2067,2067
2068,1722
1722,2068
2068,2069
2069,2068
2069,2069
2070,1406
1406,2070
2071,2098
2098,2071
2072,1455
1455,2072
2072,1709
1709,2072
2072,1827
1827,2072
2072,1878
1878,2072
2072,2052
2052,2072
2072,2054
2054,2072
2073,88
88,2073
2073,1678
1678,2073
2074,1599
1599,2074
2075,1925
1925,2075
2075,2049
2049,2075
2076,2076
2077,2077
2078,1582
1582,2078
2078,1929
1929,2078
2079,1381
1381,2079
2079,1517
1517,2079
2079,2021
2021,2079
2080,2080
2081,266
266,2081
2081,905
905,2081
2082,31
31,2082
2082,2082
2082,2083
2083,2082
2083,1160
1160,2083
2084,2084
2085,2085
2086,2087
2087,2086
2087,2085
2085,2087
2087,2089
2089,2087
2088,2088
2089,2089
2090,2030
2030,2090
2091,2091
2092,1772
1772,2092
2093,1015
1015,2093
2093,1083
1083,2093
2093,1397
1397,2093
2094,1918
1918,2094
2095,1918
1918,2095
2096,1168
1168,2096
2097,1230
1230,2097
2097,1727
1727,2097
2098,2098
2099,1223
1223,2099
2100,2100
2101,1882
1882,2101
2102,2100
2100,2102
2102,2101
2101,2102
2103,1103
1103,2103
2103,1143
1143,2103
2104,218
218,2104
2104,876
876,2104
2104,1114
1114,2104
2104,2084
2084,2104
2105,2105
2106,1168
1168,2106
2106,1751
1751,2106
2107,2107
2108,1798
1798,2108
2108,2107
2107,2108
2109,2006
2006,2109
2110,2006
2006,2110
2110,2109
2109,2110
2111,2111
2112,1193
1193,2112
2112,1966
1966,2112
2112,1980
1980,2112
2112,2006
2006,2112
2112,2050
2050,2112
2112,2110
2110,2112
2112,2111
2111,2112
2113,1121
1121,2113
2114,1918
1918,2114
2115,1068
1068,2115
2116,1310
1310,2116
2116,1483
1483,2116
2117,1032
1032,2117
2118,1150
1150,2118
2118,1242
1242,2118
2119,1426
1426,2119
2119,1450
1450,2119
2120,1268
1268,2120
2121,1051
1051,2121
2122,2175
2175,2122
2123,1770
1770,2123
2123,1771
1771,2123
2124,1349
1349,2124
2125,108
108,2125
2125,201
201,2125
2125,1494
1494,2125
2126,2126
2127,2126
2126,2127
2128,2128
2129,963
963,2129
2129,2130
2130,2129
2129,2131
2131,2129
2130,2130
2131,2131
2132,1101
1101,2132
2133,1101
1101,2133
2134,405
405,2134
2134,1511
1511,2134
2135,1406
1406,2135
2136,2136
2137,1621
1621,2137
2138,1016
1016,2138
2138,1620
1620,2138
2139,1043
1043,2139
2139,1116
1116,2139
2139,1481
1481,2139
2139,1634
1634,2139
2140,1371
1371,2140
2141,2135
2135,2141
2142,2142
2143,1913
1913,2143
2143,2142
2142,2143
2144,2142
2142,2144
2145,2145
2146,2146
2147,2137
2137,2147
2148,1918
1918,2148
2149,30
30,2149
2149,646
646,2149
2149,780
780,2149
2149,1374
1374,2149
2149,1979
1979,2149
2149,1989
1989,2149
2150,646
646,2150
2150,2148
2148,2150
2151,1203
1203,2151
2151,1918
1918,2151
2152,1812
1812,2152
2153,2153
2154,1833
1833,2154
2155,1611
1611,2155
2156,2156
2157,769
769,2157
2157,1416
1416,2157
2158,1084
1084,2158
2159,1918
1918,2159
2160,1972
1972,2160
2161,553
553,2161
2161,905
905,2161
2161,2081
2081,2161
2162,2146
2146,2162
2163,2164
2164,2163
2164,2164
2165,1043
1043,2165
2165,1634
1634,2165
2166,2169
2169,2166
2166,2654
2654,2166
2166,3021
3021,2166
2166,3305
3305,2166
2167,1866
1866,2167
2168,441
441,2168
2168,1138
1138,2168
2168,1632
1632,2168
2168,1851
1851,2168
2168,2168
2169,2169
2170,1101
1101,2170
2171,1101
1101,2171
2172,2171
2171,2172
2173,1175
1175,2173
2173,2174
2174,2173
2174,1175
1175,2174
2175,1918
1918,2175
2175,2049
2049,2175
2175,2077
2077,2175
2175,2159
2159,2175
2176,1689
1689,2176
2176,1908
1908,2176
2177,2177
2178,2590
2590,2178
2178,2736
2736,2178
2179,2179
2180,2935
2935,2180
2181,648
648,2181
2181,1012
1012,2181
2181,2865
2865,2181
2182,2512
2512,2182
2183,2183
2184,2184
2185,2185
2186,2186
2187,2187
2188,2188
2189,2189
2190,2190
2191,2499
2499,2191
2191,2546
2546,2191
2192,2192
2193,1431
1431,2193
2193,2236
2236,2193
2194,2656
2656,2194
2195,2195
2196,2196
2197,2197
2198,2198
2198,2281
2281,2198
2199,2593
2593,2199
2200,2179
2179,2200
2201,2201
2202,31
31,2202
2203,2203
2204,2265
2265,2204
2204,2762
2762,2204
2205,2205
2206,2206
2207,183
183,2207
2208,3212
3212,2208
2209,2195
2195,2209
2210,3085
3085,2210
2211,2211
2212,2695
2695,2212
2213,2740
2740,2213
2214,3235
3235,2214
2215,2508
2508,2215
2216,3044
3044,2216
2217,2217
2218,2218
2219,3151
3151,2219
2220,2220
2221,471
471,2221
2222,2222
2223,2264
2264,2223
2223,2491
2491,2223
2223,3171
3171,2223
2224,2558
2558,2224
2224,3022
3022,2224
2225,2225
2226,2811
2811,2226
2227,2844
2844,2227
2228,2228
2229,2229
2230,2345
2345,2230
2230,3269
3269,2230
2231,2231
2232,2232
2233,2233
2234,3051
3051,2234
2234,3052
3052,2234
2235,2235
2236,2236
2237,3273
3273,2237
2238,3016
3016,2238
2239,3114
3114,2239
2240,3190
3190,2240
2241,2241
2242,2242
2243,2243
2244,1634
1634,2244
2244,2213
2213,2244
2245,301
301,2245
2246,2246
2246,3035
3035,2246
2247,3188
3188,2247
2247,3189
3189,2247
2248,2248
2249,2249
2249,2797
2797,2249
2250,2250
2251,2955
2955,2251
2251,3173
3173,2251
2252,2252
2253,2299
2299,2253
2253,2891
2891,2253
2254,2519
2519,2254
2255,2554
2554,2255
2256,2256
2257,1634
1634,2257
2257,3207
3207,2257
2258,2258
2259,354
354,2259
2259,2299
2299,2259
2260,1420
1420,2260
2260,3124
3124,2260
2261,2261
2262,2262
2263,2263
2264,2264
2265,2265
2266,556
556,2266
2266,2894
2894,2266
2267,2776
2776,2267
2268,2821
2821,2268
2269,2375
2375,2269
2269,3071
3071,2269
2270,3051
3051,2270
2271,2603
2603,2271
2271,2652
2652,2271
2272,2777
2777,2272
2272,3007
3007,2272
2273,2273
2274,2274
2275,1707
1707,2275
2275,2210
2210,2275
2275,3085
3085,2275
2276,2843
2843,2276
2277,3029
3029,2277
2278,905
905,2278
2279,2750
2750,2279
2280,2536
2536,2280
2281,2281
2282,855
855,2282
2282,2646
2646,2282
2283,3144
3144,2283
2284,2302
2302,2284
2285,2285
2285,2615
2615,2285
2286,2832
2832,2286
2287,3215
3215,2287
2288,2288
2289,2794
2794,2289
2290,3048
3048,2290
2291,2830
2830,2291
2292,279
279,2292
2292,2969
2969,2292
2293,1543
1543,2293
2293,2774
2774,2293
2294,3193
3193,2294
2295,2832
2832,2295
2295,3161
3161,2295
2296,2296
2297,3254
3254,2297
2298,2298
2299,2299
2300,2892
2892,2300
2301,2917
2917,2301
2302,2302
2303,2189
2189,2303
2304,3030
3030,2304
2305,2305
2306,2184
2184,2306
2306,2261
2261,2306
2306,2306
2307,2831
2831,2307
2308,2934
2934,2308
2308,3270
3270,2308
2309,2538
2538,2309
2310,2245
2245,2310
2310,3125
3125,2310
2311,2288
2288,2311
2312,2312
2313,3157
3157,2313
2314,2314
2315,2768
2768,2315
2316,1004
1004,2316
2317,2317
2318,3291
3291,2318
2319,2877
2877,2319
2319,2878
2878,2319
2320,2320
2321,2630
2630,2321
2322,2322
2323,2832
2832,2323
2324,2243
2243,2324
2324,2324
2324,3175
3175,2324
2325,2594
2594,2325
2325,2595
2595,2325
2326,2211
2211,2326
2327,2327
2328,1667
1667,2328
2329,2329
2330,3280
3280,2330
2331,2996
2996,2331
2332,2955
2955,2332
2333,2333
2334,3167
3167,2334
2334,3290
3290,2334
2335,2335
2336,851
851,2336
2336,3119
3119,2336
2337,2731
2731,2337
2337,3124
3124,2337
2338,2338
2339,378
378,2339
2340,3164
3164,2340
2341,2226
2226,2341
2342,332
332,2342
2342,2528
2528,2342
2343,3176
3176,2343
2344,2344
2345,2345
2346,3227
3227,2346
2347,2347
2348,2348
2349,2733
2733,2349
2349,3195
3195,2349
2350,2350
2351,3274
3274,2351
2352,2352
2353,2353
2354,2357
2357,2354
2354,2808
2808,2354
2355,2945
2945,2355
2356,2184
2184,2356
2356,2261
2261,2356
2356,2306
2306,2356
2357,2357
2358,2836
2836,2358
2359,2564
2564,2359
2360,2360
2361,460
460,2361
2362,2898
2898,2362
2363,1789
1789,2363
2363,2927
2927,2363
2364,2364
2365,3285
3285,2365
2366,3189
3189,2366
2367,2517
2517,2367
2368,2368
2369,2369
2370,2835
2835,2370
2371,2422
2422,2371
2371,3140
3140,2371
2372,2372
2373,2693
2693,2373
2374,2374
2375,2375
2376,2376
2377,2502
2502,2377
2378,2684
2684,2378
2379,3286
3286,2379
2380,2628
2628,2380
2381,716
716,2381
2381,3186
3186,2381
2382,795
795,2382
2382,2678
2678,2382
2383,2816
2816,2383
2384,2872
2872,2384
2385,2686
2686,2385
2386,2786
2786,2386
2387,2753
2753,2387
2388,2388
2389,2941
2941,2389
2390,2245
2245,2390
2390,3125
3125,2390
2391,2219
2219,2391
2391,2489
2489,2391
2392,2781
2781,2392
2393,3209
3209,2393
2394,1743
1743,2394
2395,2395
2396,2678
2678,2396
2397,2394
2394,2397
2398,2225
2225,2398
2399,2976
2976,2399
2399,3303
3303,2399
2400,725
725,2400
2400,876
876,2400
2400,2340
2340,2400
2401,218
218,2401
2401,876
876,2401
2401,2320
2320,2401
2402,2553
2553,2402
2402,2784
2784,2402
2402,2785
2785,2402
2402,3031
3031,2402
2403,3172
3172,2403
2404,2960
2960,2404
2405,2553
2553,2405
2405,2785
2785,2405
2406,2316
2316,2406
2406,2406
2407,354
354,2407
2407,2579
2579,2407
2408,2738
2738,2408
2409,2688
2688,2409
2410,3275
3275,2410
2411,2741
2741,2411
2412,2262
2262,2412
2413,3133
3133,2413
2414,3257
3257,2414
2415,960
960,2415
2415,3041
3041,2415
2416,2416
2417,2971
2971,2417
2418,2364
2364,2418
2418,2753
2753,2418
2418,3012
3012,2418
2419,2930
2930,2419
2419,3043
3043,2419
2420,672
672,2420
2420,1931
1931,2420
2420,2374
2374,2420
2421,2883
2883,2421
2422,2422
2423,2212
2212,2423
2424,2887
2887,2424
2425,2440
2440,2425
2426,2426
2427,2259
2259,2427
2428,3106
3106,2428
2428,3178
3178,2428
2429,874
874,2429
2429,3155
3155,2429
2430,2430
2431,2523
2523,2431
2432,2784
2784,2432
2432,3031
3031,2432
2433,3218
3218,2433
2434,2434
2435,3240
3240,2435
2436,2436
2437,672
672,2437
2437,2420
2420,2437
2437,3165
3165,2437
2437,3286
3286,2437
2438,2711
2711,2438
2438,2813
2813,2438
2438,3244
3244,2438
2439,2671
2671,2439
2440,2440
2441,855
855,2441
2441,2699
2699,2441
2441,3107
3107,2441
2442,2259
2259,2442
2443,3240
3240,2443
2444,3167
3167,2444
2444,3168
3168,2444
2444,3290
3290,2444
2445,2706
2706,2445
2446,365
365,2446
2446,2525
2525,2446
2447,441
441,2447
2447,2657
2657,2447
2447,2658
2658,2447
2448,2448
2449,3075
3075,2449
2450,3276
3276,2450
2451,2910
2910,2451
2452,2981
2981,2452
2453,2912
2912,2453
2454,2983
2983,2454
2454,2984
2984,2454
2454,2985
2985,2454
2455,2455
2456,2344
2344,2456
2456,2552
2552,2456
2456,2624
2624,2456
2456,3228
3228,2456
2457,2317
2317,2457
2458,2829
2829,2458
2459,3154
3154,2459
2460,79
79,2460
2460,828
828,2460
2460,1543
1543,2460
2460,1667
1667,2460
2460,2202
2202,2460
2460,3028
3028,2460
2460,3153
3153,2460
2460,3162
3162,2460
2461,681
681,2461
2461,2790
2790,2461
2462,2462
2463,373
373,2463
2463,2669
2669,2463
2464,37
37,2464
2464,278
278,2464
2464,2858
2858,2464
2465,2438
2438,2465
2465,2711
2711,2465
2465,2813
2813,2465
2466,413
413,2466
2466,2868
2868,2466
2467,2467
2468,3202
3202,2468
2468,3204
3204,2468
2469,2540
2540,2469
2470,1516
1516,2470
2470,2467
2467,2470
2471,2930
2930,2471
2472,2817
2817,2472
2473,2534
2534,2473
2474,2212
2212,2474
2475,2715
2715,2475
2476,2258
2258,2476
2476,2590
2590,2476
2476,2736
2736,2476
2477,3032
3032,2477
2477,3259
3259,2477
2478,2552
2552,2478
2479,2352
2352,2479
2480,3236
3236,2480
2481,2631
2631,2481
2482,285
285,2482
2482,2943
2943,2482
2483,2245
2245,2483
2483,3125
3125,2483
2484,2906
2906,2484
2485,3125
3125,2485
2486,2486
2487,2487
2488,2192
2192,2488
2489,2489
2490,2490
2491,2491
2492,2931
2931,2492
2493,2493
2494,2494
2495,3294
3294,2495
2496,2496
2497,2931
2931,2497
2498,2695
2695,2498
2499,2499
2500,2333
2333,2500
2500,2500
2501,3036
3036,2501
2502,2502
2503,2955
2955,2503
2504,2197
2197,2504
2505,2694
2694,2505
2506,2302
2302,2506
2507,2507
2508,2508
2509,2509
2510,3051
3051,2510
2510,3052
3052,2510
2511,2511
2512,2512
2513,2221
2221,2513
2514,2514
2515,2515
2516,3108
3108,2516
2517,3108
3108,2517
2518,2518
2519,2519
2520,2520
2521,2521
2522,2522
2523,2523
2524,2804
2804,2524
2525,2810
2810,2525
2526,2732
2732,2526
2527,3002
3002,2527
2528,2528
2529,311
311,2529
2529,2530
2530,2529
2530,311
311,2530
2531,2711
2711,2531
2531,3020
3020,2531
2532,2711
2711,2532
2532,3020
3020,2532
2533,2531
2531,2533
2533,3020
3020,2533
2534,2535
2535,2534
2534,3125
3125,2534
2535,2535
2536,2536
2537,2537
2538,2538
2539,2185
2185,2539
2539,2812
2812,2539
2539,3042
3042,2539
2540,2232
2232,2540
2540,3033
3033,2540
2540,3202
3202,2540
2541,2902
2902,2541
2542,2541
2541,2542
2543,2996
2996,2543
2544,2996
2996,2544
2545,2545
2546,2546
2547,2547
2548,2348
2348,2548
2548,2598
2598,2548
2549,2981
2981,2549
2549,3138
3138,2549
2550,2550
2551,2551
2552,2552
2553,2784
2784,2553
2553,2785
2785,2553
2554,2554
2555,3110
3110,2555
2556,2361
2361,2556
2557,2521
2521,2557
2557,2726
2726,2557
2558,2558
2559,2559
2560,2560
2561,2319
2319,2561
2561,2877
2877,2561
2561,2878
2878,2561
2562,2562
2563,2448
2448,2563
2563,2562
2562,2563
2564,2564
2565,2353
2353,2565
2566,2566
2567,2222
2222,2567
2567,2566
2566,2567
2568,2568
2569,2569
2570,344
344,2570
2570,2571
2571,2570
2571,2571
2572,2572
2573,2573
2574,2651
2651,2574
2575,2575
2576,2916
2916,2576
2577,2633
2633,2577
2578,2490
2490,2578
2578,2696
2696,2578
2579,354
354,2579
2579,2580
2580,2579
2580,354
354,2580
2581,2560
2560,2581
2582,2582
2583,352
352,2583
2583,2486
2486,2583
2584,2585
2585,2584
2584,2586
2586,2584
2585,354
354,2585
2585,781
781,2585
2585,2586
2586,2585
2586,354
354,2586
2586,2584
2584,2586
2586,2586
2587,2587
2588,2745
2745,2588
2589,2589
2590,2590
2591,2591
2592,2592
2593,2593
2594,2325
2325,2594
2594,2595
2595,2594
2595,2594
2594,2595
2596,378
378,2596
2596,2339
2339,2596
2597,2229
2229,2597
2598,2598
2599,2514
2514,2599
2599,2979
2979,2599
2600,2600
2601,2642
2642,2601
2602,2603
2603,2602
2602,2704
2704,2602
2603,2603
2604,2604
2605,2322
2322,2605
2605,2613
2613,2605
2606,2607
2607,2606
2607,2606
2606,2607
2608,2607
2607,2608
2609,2534
2534,2609
2610,2759
2759,2610
2610,2823
2823,2610
2611,2611
2612,2611
2611,2612
2613,2613
2614,2616
2616,2614
2615,2615
2616,2285
2285,2616
2616,2615
2615,2616
2617,2614
2614,2617
2617,2616
2616,2617
2617,2618
2618,2617
2618,2616
2616,2618
2618,2619
2619,2618
2619,2614
2614,2619
2620,2621
2621,2620
2621,2621
2622,2622
2623,2623
2624,2344
2344,2624
2624,3228
3228,2624
2624,3293
3293,2624
2625,2625
2626,2625
2625,2626
2627,2627
2628,2628
2629,2416
2416,2629
2629,2721
2721,2629
2629,3262
3262,2629
2630,2630
2631,2631
2632,2207
2207,2632
2633,2633
2634,2189
2189,2634
2635,2636
2636,2635
2636,2636
2637,3064
3064,2637
2638,218
218,2638
2638,876
876,2638
2638,2320
2320,2638
2638,2509
2509,2638
2638,2919
2919,2638
2639,782
782,2639
2639,2640
2640,2639
2640,782
782,2640
2641,3043
3043,2641
2642,2601
2601,2642
2643,2643
2644,2644
2645,2643
2643,2645
2645,2644
2644,2645
2646,3124
3124,2646
2647,2702
2702,2647
2647,3085
3085,2647
2648,2648
2649,2509
2509,2649
2650,2650
2651,2651
2652,2652
2653,2713
2713,2653
2653,3256
3256,2653
2654,3305
3305,2654
2655,2655
2656,2656
2657,2658
2658,2657
2658,2657
2657,2658
2658,2658
2659,2937
2937,2659
2660,2650
2650,2660
2661,2661
2662,2582
2582,2662
2663,2663
2664,2663
2663,2664
2665,31
31,2665
2665,441
441,2665
2665,738
738,2665
2665,2221
2221,2665
2665,2242
2242,2665
2665,2745
2745,2665
2665,3080
3080,2665
2666,2187
2187,2666
2667,2711
2711,2667
2667,3244
3244,2667
2668,2668
2669,905
905,2669
2669,2668
2668,2669
2670,905
905,2670
2670,2668
2668,2670
2671,2671
2672,2584
2584,2672
2673,3141
3141,2673
2674,2674
2675,2206
2206,2675
2675,3099
3099,2675
2676,2778
2778,2676
2677,79
79,2677
2677,2183
2183,2677
2678,2678
2679,2679
2680,2680
2681,2709
2709,2681
2682,2378
2378,2682
2682,2682
2682,2684
2684,2682
2683,2378
2378,2683
2683,2682
2682,2683
2683,2684
2684,2683
2684,2684
2685,3297
3297,2685
2686,769
769,2686
2686,905
905,2686
2687,2688
2688,2687
2687,2689
2689,2687
2688,2688
2689,2688
2688,2689
2690,2655
2655,2690
2691,2241
2241,2691
2692,2923
2923,2692
2693,2693
2694,2694
2695,2695
2696,2696
2697,2591
2591,2697
2698,2233
2233,2698
2698,2591
2591,2698
2699,855
855,2699
2699,1420
1420,2699
2699,3107
3107,2699
2700,2700
2701,3278
3278,2701
2702,2702
2703,3286
3286,2703
2704,2704
2705,2705
2706,2706
2707,2739
2739,2707
2707,2982
2982,2707
2708,2708
2709,2709
2710,2710
2711,2711
2712,3089
3089,2712
2713,2713
2714,2714
2715,2715
2716,2716
2717,2716
2716,2717
2718,2719
2719,2718
2719,2719
2720,2720
2721,3286
3286,2721
2722,2723
2723,2722
2723,2723
2724,2778
2778,2724
2725,2725
2726,2726
2727,2727
2728,553
553,2728
2728,887
887,2728
2728,891
891,2728
2728,905
905,2728
2728,3174
3174,2728
2729,2569
2569,2729
2730,2987
2987,2730
2731,2731
2732,2732
2733,2733
2734,2809
2809,2734
2735,3047
3047,2735
2736,2736
2737,2258
2258,2737
2738,1528
1528,2738
2739,2739
2740,2740
2741,2741
2742,2742
2743,3298
3298,2743
2744,2259
2259,2744
2744,2724
2724,2744
2744,2833
2833,2744
2744,3078
3078,2744
2745,2745
2746,2248
2248,2746
2746,2733
2733,2746
2746,3195
3195,2746
2747,2747
2748,2747
2747,2748
2749,2749
2750,2750
2751,2856
2856,2751
2752,2752
2753,1708
1708,2753
2754,2754
2755,2754
2754,2755
2756,851
851,2756
2756,2426
2426,2756
2756,3119
3119,2756
2757,2568
2568,2757
2758,2758
2759,2759
2760,2955
2955,2760
2761,2710
2710,2761
2762,2762
2763,2296
2296,2763
2764,2764
2765,441
441,2765
2765,1528
1528,2765
2765,2995
2995,2765
2766,2604
2604,2766
2767,806
806,2767
2767,2434
2434,2767
2767,3272
3272,2767
2768,2768
2769,3142
3142,2769
2770,354
354,2770
2770,2580
2580,2770
2771,3277
3277,2771
2772,3239
3239,2772
2773,41
41,2773
2774,31
31,2774
2774,1357
1357,2774
2775,2776
2776,2775
2776,2776
2777,2777
2778,2778
2779,2224
2224,2779
2780,2224
2224,2780
2780,2558
2558,2780
2780,3022
3022,2780
2781,2781
2782,2782
2783,2773
2773,2783
2784,2784
2785,2785
2786,2786
2787,2788
2788,2787
2788,2788
2789,2946
2946,2789
2790,2790
2791,553
553,2791
2791,3208
3208,2791
2792,1227
1227,2792
2792,2623
2623,2792
2793,2350
2350,2793
2794,2794
2795,2794
2794,2795
2796,2796
2797,2797
2798,2798
2799,339
339,2799
2800,2801
2801,2800
2801,2801
2802,2802
2803,2803
2804,2804
2805,2805
2806,2806
2807,2805
2805,2807
2807,2806
2806,2807
2808,2808
2809,2603
2603,2809
2810,2810
2811,2811
2812,31
31,2812
2812,471
471,2812
2813,2711
2711,2813
2814,2814
2815,2814
2814,2815
2816,2816
2817,2817
2818,2818
2819,2818
2818,2819
2820,2820
2821,2821
2822,2822
2822,2928
2928,2822
2823,2823
2824,2977
2977,2824
2825,2708
2708,2825
2826,1906
1906,2826
2826,3123
3123,2826
2827,2827
2828,2828
2829,2829
2830,2830
2831,2831
2832,2832
2833,2833
2834,2963
2963,2834
2835,2835
2836,2836
2837,2837
2838,2837
2837,2838
2839,2360
2360,2839
2839,2840
2840,2839
2840,2839
2839,2840
2840,3107
3107,2840
2841,2841
2842,2841
2841,2842
2843,2843
2844,2844
2845,2214
2214,2845
2845,3235
3235,2845
2846,2518
2518,2846
2847,2847
2848,2847
2847,2848
2849,2847
2847,2849
2850,2455
2455,2850
2851,2455
2455,2851
2852,2853
2853,2852
2853,2852
2852,2853
2854,2493
2493,2854
2855,2207
2207,2855
2856,1354
1354,2856
2857,2790
2790,2857
2858,2858
2859,2622
2622,2859
2860,1005
1005,2860
2860,2347
2347,2860
2861,2501
2501,2861
2862,2932
2932,2862
2863,2863
2864,2705
2705,2864
2864,2863
2863,2864
2864,3185
3185,2864
2864,3286
3286,2864
2865,648
648,2865
2866,2866
2867,2929
2929,2867
2867,3019
3019,2867
2868,413
413,2868
2869,2936
2936,2869
2869,3170
3170,2869
2870,2780
2780,2870
2871,2256
2256,2871
2872,2872
2873,1580
1580,2873
2873,2827
2827,2873
2874,2874
2875,2875
2876,2947
2947,2876
2877,2877
2878,2878
2879,3297
3297,2879
2880,2742
2742,2880
2881,2881
2882,2837
2837,2882
2883,3240
3240,2883
2884,2884
2885,2885
2886,2887
2887,2886
2887,2887
2888,2886
2886,2888
2889,2752
2752,2889
2889,2820
2820,2889
2890,2890
2891,2891
2892,2892
2893,2547
2547,2893
2894,2894
2895,2897
2897,2895
2896,2896
2897,2896
2896,2897
2898,2898
2899,2205
2205,2899
2900,2205
2205,2900
2901,2901
2902,2902
2903,2177
2177,2903
2904,2250
2250,2904
2905,2305
2305,2905
2906,2906
2907,2350
2350,2907
2908,2462
2462,2908
2909,3043
3043,2909
2910,2910
2911,2203
2203,2911
2912,2912
2913,2727
2727,2913
2914,2875
2875,2914
2915,2942
2942,2915
2916,2916
2917,2917
2918,2890
2890,2918
2919,2919
2920,2920
2921,2921
2922,2921
2921,2922
2923,2923
2924,2923
2923,2924
2925,2925
2926,2926
2927,2927
2928,2928
2929,2929
2930,2930
2931,2931
2932,2862
2862,2932
2933,2829
2829,2933
2934,2934
2935,2935
2936,2936
2937,2937
2938,2937
2937,2938
2939,2714
2714,2939
2940,2940
2941,2941
2942,2942
2943,2943
2944,2541
2541,2944
2945,2945
2946,2946
2947,2947
2948,2955
2955,2948
2949,1152
1152,2949
2949,2949
2950,2953
2953,2950
2950,2956
2956,2950
2951,2263
2263,2951
2952,2955
2955,2952
2953,2953
2954,2955
2955,2954
2955,2955
2956,2953
2953,2956
2957,2957
2958,2955
2955,2958
2959,2263
2263,2959
2959,2957
2957,2959
2960,2404
2404,2960
2961,716
716,2961
2961,3186
3186,2961
2962,2962
2963,2963
2964,3143
3143,2964
2965,2376
2376,2965
2965,2573
2573,2965
2966,2967
2967,2966
2967,2967
2968,3225
3225,2968
2969,279
279,2969
2970,1528
1528,2970
2970,3210
3210,2970
2971,2971
2972,2874
2874,2972
2972,3220
3220,2972
2973,2973
2974,2974
2975,2975
2976,2976
2977,2824
2824,2977
2978,2978
2979,2979
2980,2930
2930,2980
2980,3043
3043,2980
2981,2981
2982,2982
2983,2983
2984,2983
2983,2984
2984,2985
2985,2984
2985,676
676,2985
2986,2983
2983,2986
2986,2985
2985,2986
2987,2987
2988,2989
2989,2988
2989,2989
2990,2990
2991,2991
2992,2235
2235,2992
2993,2993
2994,2651
2651,2994
2995,1851
1851,2995
2996,2996
2997,2996
2996,2997
2998,2998
2999,2796
2796,2999
3000,3265
3265,3000
3001,3001
3002,3002
3003,3003
3004,2550
2550,3004
3005,279
279,3005
3005,2550
2550,3005
3005,3006
3006,3005
3006,279
279,3006
3007,3007
3008,1397
1397,3008
3009,1851
1851,3009
3009,3008
3008,3009
3010,3010
3011,3010
3010,3011
3012,3012
3013,821
821,3013
3013,1858
1858,3013
3013,2351
2351,3013
3013,3274
3274,3013
3014,373
373,3014
3014,3169
3169,3014
3015,297
297,3015
3015,373
373,3015
3015,471
471,3015
3015,2720
2720,3015
3015,3014
3014,3015
3015,3169
3169,3015
3016,3016
3017,3016
3016,3017
3018,2627
2627,3018
3019,3019
3020,3020
3021,2257
2257,3021
3022,2558
2558,3022
3023,2298
2298,3023
3024,2520
2520,3024
3025,2199
2199,3025
3026,3027
3027,3026
3027,3027
3028,31
31,3028
3028,1667
1667,3028
3029,2277
2277,3029
3029,3029
3030,3030
3031,2784
2784,3031
3032,3032
3033,2232
2232,3033
3033,2540
2540,3033
3033,3057
3057,3033
3033,3202
3202,3033
3034,2246
2246,3034
3034,3035
3035,3034
3035,3035
3036,3036
3037,2217
2217,3037
3038,3045
3045,3038
3039,3039
3040,905
905,3040
3040,2278
2278,3040
3040,2494
2494,3040
3041,905
905,3041
3042,3042
3043,3043
3044,2105
2105,3044
3045,3045
3046,2878
2878,3046
3047,3047
3048,2894
2894,3048
3049,3050
3050,3049
3050,3050
3051,3051
3052,3051
3051,3052
3053,3052
3052,3053
3054,3051
3051,3054
3055,3056
3056,3055
3056,3056
3057,3057
3058,3058
3059,2338
2338,3059
3060,3061
3061,3060
3061,3061
3062,3061
3061,3062
3063,2758
2758,3063
3064,3064
3065,3067
3067,3065
3066,3065
3065,3066
3066,3067
3067,3066
3067,3067
3068,3068
3069,3068
3068,3069
3070,2369
2369,3070
3071,3072
3072,3071
3072,3072
3073,3039
3039,3073
3074,2243
2243,3074
3074,2324
2324,3074
3074,2507
2507,3074
3074,3175
3175,3074
3075,3075
3076,2940
2940,3076
3077,2974
2974,3077
3078,3078
3079,3080
3080,3079
3080,3080
3081,3084
3084,3081
3082,3081
3081,3082
3082,3084
3084,3082
3083,3083
3084,3083
3083,3084
3085,993
993,3085
3086,3086
3087,3087
3088,2777
2777,3088
3089,3089
3090,3090
3091,3091
3092,2802
2802,3092
3093,897
897,3093
3093,2599
2599,3093
3094,2784
2784,3094
3095,3095
3096,3095
3095,3096
3097,3095
3095,3097
3097,3096
3096,3097
3098,3099
3099,3098
3099,2206
2206,3099
3100,3100
3101,3100
3100,3101
3101,3102
3102,3101
3102,3102
3103,3103
3104,3103
3103,3104
3105,2874
2874,3105
3105,3220
3220,3105
3106,3106
3107,855
855,3107
3107,1420
1420,3107
3108,3108
3109,2600
2600,3109
3109,2998
2998,3109
3109,3087
3087,3109
3110,3110
3111,3043
3043,3111
3112,2805
2805,3112
3113,2805
2805,3113
3114,3114
3115,2221
2221,3115
3115,2745
2745,3115
3116,3190
3190,3116
3117,183
183,3117
3117,2641
2641,3117
3117,3043
3043,3117
3118,2975
2975,3118
3119,3119
3120,2559
2559,3120
3121,3121
3122,3121
3121,3122
3123,1906
1906,3123
3124,855
855,3124
3125,3125
3126,3126
3127,2274
2274,3127
3128,2799
2799,3128
3129,2809
2809,3129
3130,291
291,3130
3130,3131
3131,3130
3131,2863
2863,3131
3132,2212
2212,3132
3133,2515
2515,3133
3133,3134
3134,3133
3134,3134
3135,2881
2881,3135
3136,3136
3137,3136
3136,3137
3138,3138
3139,2186
2186,3139
3140,3140
3141,3141
3142,3142
3143,3143
3144,2696
2696,3144
3145,2190
2190,3145
3146,3147
3147,3146
3146,3148
3148,3146
3146,3149
3149,3146
3146,3150
3150,3146
3146,3151
3151,3146
3147,3147
3148,2312
2312,3148
3149,2312
2312,3149
3149,3147
3147,3149
3149,3150
3150,3149
3150,3146
3146,3150
3150,3147
3147,3150
3150,3149
3149,3150
3151,3151
3152,3152
3153,1667
1667,3153
3153,2328
2328,3153
3154,3154
3155,3155
3156,460
460,3156
3156,2183
2183,3156
3157,3157
3158,339
339,3158
3158,2233
2233,3158
3159,460
460,3159
3159,3156
3156,3159
3160,2832
2832,3160
3161,2832
2832,3161
3162,79
79,3162
3162,609
609,3162
3162,2202
2202,3162
3162,3028
3028,3162
3163,2575
2575,3163
3164,3164
3165,3165
3166,2593
2593,3166
3167,3290
3290,3167
3168,3167
3167,3168
3168,3290
3290,3168
3169,3169
3170,3170
3171,3171
3172,3172
3173,2955
2955,3173
3174,3174
3175,3175
3176,3176
3177,3177
3178,3177
3177,3178
3179,3179
3180,2501
2501,3180
3181,2395
2395,3181
3181,2866
2866,3181
3182,3095
3095,3182
3182,3096
3096,3182
3183,3183
3184,3183
3183,3184
3185,2487
2487,3185
3186,3186
3187,2593
2593,3187
3188,3188
3189,3188
3188,3189
3190,3190
3191,266
266,3191
3191,905
905,3191
3191,2669
2669,3191
3192,2572
2572,3192
3193,3193
3194,2218
2218,3194
3195,2733
2733,3195
3196,3090
3090,3196
3197,3197
3198,3198
3199,3198
3198,3199
3199,3199
3200,2335
2335,3200
3200,2832
2832,3200
3201,2878
2878,3201
3201,3046
3046,3201
3202,3202
3203,2232
2232,3203
3203,2322
2322,3203
3203,3202
3202,3203
3204,3204
3205,615
615,3205
3205,3234
3234,3205
3206,2511
2511,3206
3207,3207
3208,3208
3209,577
577,3209
3210,3210
3211,3213
3213,3211
3212,3212
3213,2375
2375,3213
3213,3212
3212,3213
3214,2375
2375,3214
3215,3215
3216,2375
2375,3216
3216,3212
3212,3216
3217,615
615,3217
3217,2574
2574,3217
3218,3218
3219,2828
2828,3219
3220,3220
3221,2327
2327,3221
3222,3240
3240,3222
3222,3281
3281,3222
3223,2522
2522,3223
3224,2764
2764,3224
3225,3225
3226,3226
3227,3226
3226,3227
3228,3228
3229,3229
3230,3229
3229,3230
3231,2700
2700,3231
3231,3058
3058,3231
3232,3232
3233,2996
2996,3233
3233,3232
3232,3233
3234,3234
3235,3235
3236,616
616,3236
3237,3237
3238,3237
3237,3238
3239,3239
3240,3240
3241,3241
3242,3241
3241,3242
3243,2798
2798,3243
3244,2711
2711,3244
3245,3246
3246,3245
3246,3246
3247,2335
2335,3247
3248,3289
3289,3248
3249,2926
2926,3249
3250,3250
3251,3250
3250,3251
3252,184
184,3252
3252,3253
3253,3252
3253,3253
3254,3254
3255,1521
1521,3255
3255,2361
2361,3255
3255,2556
2556,3255
3256,3256
3257,3257
3258,2213
2213,3258
3259,3259
3260,3260
3261,3260
3260,3261
3262,3262
3263,3260
3260,3263
3263,3261
3261,3263
3264,2749
2749,3264
3265,3265
3266,3267
3267,3266
3266,3268
3268,3266
3267,3267
3268,3268
3269,3269
3270,2934
2934,3270
3271,2934
2934,3271
3272,3272
3273,3273
3274,1858
1858,3274
3274,1859
1859,3274
3274,2545
2545,3274
3274,3103
3103,3274
3275,3275
3276,3276
3277,3277
3278,2878
2878,3278
3279,55
55,3279
3279,972
972,3279
3279,2196
2196,3279
3279,2901
2901,3279
3280,3280
3281,3281
3282,2314
2314,3282
3283,3283
3284,3283
3283,3284
3285,2365
2365,3285
3286,3286
3287,3288
3288,3287
3288,3288
3289,3289
3290,3290
3291,56
56,3291
3292,3292
3293,3293
3294,3294
3295,3146
3146,3295
3296,853
853,3296
3296,2592
2592,3296
3297,3297
3298,3298
3299,2228
2228,3299
3300,2188
2188,3300
3301,2509
2509,3301
3302,3306
3306,3302
3303,218
218,3303
3303,876
876,3303
3303,2976
2976,3303
3304,3172
3172,3304
3305,3305
3306,3306
3307,3001
3001,3307
3308,3308
3309,3308
3308,3309
3310,2252
2252,3310
3311,2993
2993,3311
