0,0
1,88
88,1
1,132
132,1
1,162
162,1
1,188
188,1
2,21
21,2
2,37
37,2
2,51
51,2
2,61
61,2
2,73
73,2
2,80
80,2
2,87
87,2
2,109
109,2
2,138
138,2
2,151
151,2
2,158
158,2
2,173
173,2
2,181
181,2
2,182
182,2
2,185
185,2
2,197
197,2
2,200
200,2
2,207
207,2
2,216
216,2
2,218
218,2
3,16
16,3
3,44
44,3
3,108
108,3
3,219
219,3
4,20
20,4
4,28
28,4
4,48
48,4
4,52
52,4
4,58
58,4
4,62
62,4
4,63
63,4
4,66
66,4
4,85
85,4
4,110
110,4
4,116
116,4
4,133
133,4
4,138
138,4
4,146
146,4
4,147
147,4
4,148
148,4
4,157
157,4
4,171
171,4
4,179
179,4
4,190
190,4
4,192
192,4
4,196
196,4
5,15
15,5
5,18
18,5
5,22
22,5
5,25
25,5
5,29
29,5
5,41
41,5
5,45
45,5
5,48
48,5
5,54
54,5
5,58
58,5
5,62
62,5
5,63
63,5
5,66
66,5
5,71
71,5
5,73
73,5
5,74
74,5
5,82
82,5
5,84
84,5
5,85
85,5
5,86
86,5
5,100
100,5
5,114
114,5
5,116
116,5
5,125
125,5
5,129
129,5
5,136
136,5
5,137
137,5
5,138
138,5
5,141
141,5
5,146
146,5
5,147
147,5
5,150
150,5
5,151
151,5
5,154
154,5
5,157
157,5
5,167
167,5
5,168
168,5
5,169
169,5
5,171
171,5
5,174
174,5
5,178
178,5
5,180
180,5
5,191
191,5
5,192
192,5
5,194
194,5
5,196
196,5
5,198
198,5
5,214
214,5
5,215
215,5
5,216
216,5
5,221
221,5
5,222
222,5
6,7
7,6
6,11
11,6
6,13
13,6
6,29
29,6
6,35
35,6
6,50
50,6
6,51
51,6
6,57
57,6
6,104
104,6
6,106
106,6
6,112
112,6
6,117
117,6
6,124
124,6
6,128
128,6
6,135
135,6
6,143
143,6
6,151
151,6
6,154
154,6
6,161
161,6
6,164
164,6
6,173
173,6
6,185
185,6
6,202
202,6
6,210
210,6
6,212
212,6
7,6
6,7
7,11
11,7
7,13
13,7
7,19
19,7
7,25
25,7
7,29
29,7
7,35
35,7
7,50
50,7
7,51
51,7
7,56
56,7
7,57
57,7
7,64
64,7
7,66
66,7
7,72
72,7
7,106
106,7
7,109
109,7
7,114
114,7
7,117
117,7
7,124
124,7
7,128
128,7
7,129
129,7
7,135
135,7
7,143
143,7
7,151
151,7
7,154
154,7
7,164
164,7
7,169
169,7
7,173
173,7
7,182
182,7
7,185
185,7
7,197
197,7
7,200
200,7
7,202
202,7
7,203
203,7
7,208
208,7
7,210
210,7
7,212
212,7
7,220
220,7
8,65
65,8
8,126
126,8
9,21
21,9
9,42
42,9
9,51
51,9
9,73
73,9
9,78
78,9
9,111
111,9
9,113
113,9
9,123
123,9
9,131
131,9
9,140
140,9
9,159
159,9
9,163
163,9
9,170
170,9
9,172
172,9
9,206
206,9
9,209
209,9
9,218
218,9
10,10
11,6
6,11
11,7
7,11
11,13
13,11
11,19
19,11
11,29
29,11
11,45
45,11
11,50
50,11
11,57
57,11
11,59
59,11
11,76
76,11
11,106
106,11
11,109
109,11
11,124
124,11
11,128
128,11
11,129
129,11
11,135
135,11
11,143
143,11
11,145
145,11
11,184
184,11
11,185
185,11
11,200
200,11
11,202
202,11
11,210
210,11
11,212
212,11
11,217
217,11
12,14
14,12
12,17
17,12
12,22
22,12
12,25
25,12
12,29
29,12
12,40
40,12
12,41
41,12
12,49
49,12
12,56
56,12
12,66
66,12
12,69
69,12
12,71
71,12
12,76
76,12
12,82
82,12
12,86
86,12
12,92
92,12
12,96
96,12
12,98
98,12
12,114
114,12
12,115
115,12
12,117
117,12
12,149
149,12
12,151
151,12
12,160
160,12
12,161
161,12
12,164
164,12
12,167
167,12
12,168
168,12
12,174
174,12
12,177
177,12
12,178
178,12
12,196
196,12
12,197
197,12
12,198
198,12
12,203
203,12
12,208
208,12
12,210
210,12
12,213
213,12
12,216
216,12
12,220
220,12
12,222
222,12
12,225
225,12
13,6
6,13
13,7
7,13
13,11
11,13
13,29
29,13
13,50
50,13
13,59
59,13
13,104
104,13
13,117
117,13
13,124
124,13
13,128
128,13
13,129
129,13
13,135
135,13
13,143
143,13
13,154
154,13
13,173
173,13
13,184
184,13
13,185
185,13
13,202
202,13
13,210
210,13
13,212
212,13
13,217
217,13
13,223
223,13
14,12
12,14
14,23
23,14
14,25
25,14
14,66
66,14
14,67
67,14
14,69
69,14
14,99
99,14
14,114
114,14
14,117
117,14
14,127
127,14
14,136
136,14
14,146
146,14
14,149
149,14
14,189
189,14
14,196
196,14
14,213
213,14
14,215
215,14
14,225
225,14
15,5
5,15
15,18
18,15
15,19
19,15
15,20
20,15
15,22
22,15
15,25
25,15
15,27
27,15
15,29
29,15
15,31
31,15
15,38
38,15
15,41
41,15
15,56
56,15
15,63
63,15
15,66
66,15
15,68
68,15
15,71
71,15
15,73
73,15
15,86
86,15
15,90
90,15
15,98
98,15
15,109
109,15
15,115
115,15
15,117
117,15
15,129
129,15
15,135
135,15
15,136
136,15
15,137
137,15
15,138
138,15
15,141
141,15
15,146
146,15
15,147
147,15
15,151
151,15
15,154
154,15
15,160
160,15
15,161
161,15
15,168
168,15
15,169
169,15
15,171
171,15
15,175
175,15
15,178
178,15
15,179
179,15
15,180
180,15
15,181
181,15
15,192
192,15
15,196
196,15
15,198
198,15
15,208
208,15
15,214
214,15
15,216
216,15
15,220
220,15
15,221
221,15
16,3
3,16
16,44
44,16
16,47
47,16
16,53
53,16
16,95
95,16
16,130
130,16
16,155
155,16
16,219
219,16
17,12
12,17
17,62
62,17
17,167
167,17
17,174
174,17
17,211
211,17
18,5
5,18
18,15
15,18
18,20
20,18
18,25
25,18
18,27
27,18
18,29
29,18
18,31
31,18
18,45
45,18
18,48
48,18
18,49
49,18
18,54
54,18
18,56
56,18
18,58
58,18
18,62
62,18
18,66
66,18
18,71
71,18
18,82
82,18
18,84
84,18
18,85
85,18
18,88
88,18
18,90
90,18
18,92
92,18
18,100
100,18
18,114
114,18
18,129
129,18
18,136
136,18
18,137
137,18
18,138
138,18
18,146
146,18
18,147
147,18
18,150
150,18
18,151
151,18
18,157
157,18
18,167
167,18
18,168
168,18
18,169
169,18
18,171
171,18
18,174
174,18
18,178
178,18
18,180
180,18
18,192
192,18
18,193
193,18
18,196
196,18
18,198
198,18
18,203
203,18
18,208
208,18
18,210
210,18
18,214
214,18
18,221
221,18
19,7
7,19
19,11
11,19
19,15
15,19
19,25
25,19
19,29
29,19
19,31
31,19
19,45
45,19
19,50
50,19
19,57
57,19
19,66
66,19
19,70
70,19
19,76
76,19
19,106
106,19
19,109
109,19
19,128
128,19
19,129
129,19
19,135
135,19
19,137
137,19
19,143
143,19
19,144
144,19
19,145
145,19
19,156
156,19
19,158
158,19
19,173
173,19
19,179
179,19
19,200
200,19
19,202
202,19
19,203
203,19
19,208
208,19
19,210
210,19
19,221
221,19
20,4
4,20
20,15
15,20
20,18
18,20
20,23
23,20
20,27
27,20
20,28
28,20
20,31
31,20
20,49
49,20
20,52
52,20
20,58
58,20
20,62
62,20
20,63
63,20
20,66
66,20
20,70
70,20
20,73
73,20
20,85
85,20
20,110
110,20
20,116
116,20
20,133
133,20
20,147
147,20
20,148
148,20
20,151
151,20
20,154
154,20
20,157
157,20
20,171
171,20
20,175
175,20
20,179
179,20
20,180
180,20
20,181
181,20
20,190
190,20
20,192
192,20
20,208
208,20
20,214
214,20
21,2
2,21
21,9
9,21
21,31
31,21
21,33
33,21
21,34
34,21
21,42
42,21
21,51
51,21
21,61
61,21
21,73
73,21
21,78
78,21
21,87
87,21
21,89
89,21
21,96
96,21
21,109
109,21
21,111
111,21
21,123
123,21
21,131
131,21
21,140
140,21
21,163
163,21
21,170
170,21
21,172
172,21
21,206
206,21
21,209
209,21
21,216
216,21
21,218
218,21
22,5
5,22
22,12
12,22
22,15
15,22
22,25
25,22
22,27
27,22
22,29
29,22
22,31
31,22
22,40
40,22
22,41
41,22
22,46
46,22
22,49
49,22
22,51
51,22
22,56
56,22
22,66
66,22
22,67
67,22
22,68
68,22
22,69
69,22
22,70
70,22
22,71
71,22
22,73
73,22
22,74
74,22
22,77
77,22
22,82
82,22
22,84
84,22
22,85
85,22
22,86
86,22
22,90
90,22
22,92
92,22
22,93
93,22
22,105
105,22
22,106
106,22
22,110
110,22
22,112
112,22
22,114
114,22
22,115
115,22
22,119
119,22
22,123
123,22
22,125
125,22
22,129
129,22
22,137
137,22
22,146
146,22
22,151
151,22
22,160
160,22
22,161
161,22
22,168
168,22
22,169
169,22
22,174
174,22
22,177
177,22
22,178
178,22
22,179
179,22
22,181
181,22
22,194
194,22
22,196
196,22
22,198
198,22
22,203
203,22
22,208
208,22
22,210
210,22
22,214
214,22
22,216
216,22
22,218
218,22
22,220
220,22
22,221
221,22
22,222
222,22
23,14
14,23
23,20
20,23
23,114
114,23
23,196
196,23
24,64
64,24
24,75
75,24
24,76
76,24
24,83
83,24
24,98
98,24
24,109
109,24
24,114
114,24
24,184
184,24
24,185
185,24
24,193
193,24
24,197
197,24
24,199
199,24
24,202
202,24
24,213
213,24
24,223
223,24
24,225
225,24
25,5
5,25
25,7
7,25
25,12
12,25
25,14
14,25
25,15
15,25
25,18
18,25
25,19
19,25
25,22
22,25
25,27
27,25
25,29
29,25
25,31
31,25
25,40
40,25
25,41
41,25
25,43
43,25
25,45
45,25
25,46
46,25
25,49
49,25
25,51
51,25
25,54
54,25
25,56
56,25
25,62
62,25
25,66
66,25
25,67
67,25
25,68
68,25
25,71
71,25
25,75
75,25
25,77
77,25
25,79
79,25
25,82
82,25
25,85
85,25
25,88
88,25
25,90
90,25
25,92
92,25
25,93
93,25
25,100
100,25
25,104
104,25
25,110
110,25
25,114
114,25
25,115
115,25
25,117
117,25
25,119
119,25
25,125
125,25
25,127
127,25
25,129
129,25
25,137
137,25
25,145
145,25
25,146
146,25
25,150
150,25
25,151
151,25
25,152
152,25
25,154
154,25
25,156
156,25
25,160
160,25
25,161
161,25
25,167
167,25
25,168
168,25
25,169
169,25
25,171
171,25
25,174
174,25
25,177
177,25
25,178
178,25
25,179
179,25
25,181
181,25
25,182
182,25
25,196
196,25
25,198
198,25
25,199
199,25
25,200
200,25
25,203
203,25
25,208
208,25
25,211
211,25
25,213
213,25
25,214
214,25
25,216
216,25
25,218
218,25
25,220
220,25
25,221
221,25
25,222
222,25
26,68
68,26
26,82
82,26
26,201
201,26
27,15
15,27
27,18
18,27
27,20
20,27
27,22
22,27
27,25
25,27
27,29
29,27
27,31
31,27
27,45
45,27
27,56
56,27
27,66
66,27
27,68
68,27
27,71
71,27
27,72
72,27
27,73
73,27
27,74
74,27
27,84
84,27
27,85
85,27
27,86
86,27
27,92
92,27
27,93
93,27
27,98
98,27
27,105
105,27
27,110
110,27
27,114
114,27
27,115
115,27
27,117
117,27
27,119
119,27
27,129
129,27
27,136
136,27
27,137
137,27
27,142
142,27
27,146
146,27
27,150
150,27
27,151
151,27
27,154
154,27
27,158
158,27
27,160
160,27
27,161
161,27
27,164
164,27
27,167
167,27
27,168
168,27
27,169
169,27
27,171
171,27
27,174
174,27
27,175
175,27
27,177
177,27
27,178
178,27
27,179
179,27
27,180
180,27
27,181
181,27
27,189
189,27
27,198
198,27
27,199
199,27
27,208
208,27
27,211
211,27
27,214
214,27
27,216
216,27
27,218
218,27
27,220
220,27
27,221
221,27
27,222
222,27
27,224
224,27
27,225
225,27
28,4
4,28
28,20
20,28
28,52
52,28
28,58
58,28
28,62
62,28
28,63
63,28
28,85
85,28
28,110
110,28
28,133
133,28
28,138
138,28
28,147
147,28
28,148
148,28
28,157
157,28
28,179
179,28
28,180
180,28
28,192
192,28
29,5
5,29
29,6
6,29
29,7
7,29
29,11
11,29
29,12
12,29
29,13
13,29
29,15
15,29
29,18
18,29
29,19
19,29
29,22
22,29
29,25
25,29
29,27
27,29
29,31
31,29
29,40
40,29
29,41
41,29
29,43
43,29
29,45
45,29
29,48
48,29
29,49
49,29
29,50
50,29
29,51
51,29
29,54
54,29
29,56
56,29
29,59
59,29
29,64
64,29
29,66
66,29
29,67
67,29
29,68
68,29
29,71
71,29
29,73
73,29
29,74
74,29
29,77
77,29
29,80
80,29
29,82
82,29
29,85
85,29
29,86
86,29
29,88
88,29
29,90
90,29
29,92
92,29
29,93
93,29
29,96
96,29
29,98
98,29
29,100
100,29
29,104
104,29
29,106
106,29
29,110
110,29
29,112
112,29
29,114
114,29
29,115
115,29
29,117
117,29
29,119
119,29
29,125
125,29
29,127
127,29
29,129
129,29
29,135
135,29
29,136
136,29
29,137
137,29
29,141
141,29
29,142
142,29
29,143
143,29
29,144
144,29
29,145
145,29
29,146
146,29
29,150
150,29
29,151
151,29
29,154
154,29
29,156
156,29
29,160
160,29
29,161
161,29
29,165
165,29
29,167
167,29
29,168
168,29
29,169
169,29
29,171
171,29
29,173
173,29
29,174
174,29
29,177
177,29
29,178
178,29
29,179
179,29
29,180
180,29
29,181
181,29
29,185
185,29
29,192
192,29
29,196
196,29
29,198
198,29
29,199
199,29
29,200
200,29
29,202
202,29
29,203
203,29
29,208
208,29
29,210
210,29
29,211
211,29
29,212
212,29
29,214
214,29
29,216
216,29
29,218
218,29
29,221
221,29
29,222
222,29
29,225
225,29
30,36
36,30
31,15
15,31
31,18
18,31
31,19
19,31
31,20
20,31
31,21
21,31
31,22
22,31
31,25
25,31
31,27
27,31
31,29
29,31
31,45
45,31
31,48
48,31
31,54
54,31
31,66
66,31
31,68
68,31
31,71
71,31
31,77
77,31
31,80
80,31
31,82
82,31
31,85
85,31
31,88
88,31
31,90
90,31
31,106
106,31
31,110
110,31
31,115
115,31
31,119
119,31
31,125
125,31
31,129
129,31
31,136
136,31
31,137
137,31
31,138
138,31
31,141
141,31
31,142
142,31
31,146
146,31
31,149
149,31
31,150
150,31
31,151
151,31
31,154
154,31
31,156
156,31
31,160
160,31
31,167
167,31
31,168
168,31
31,169
169,31
31,171
171,31
31,178
178,31
31,181
181,31
31,196
196,31
31,198
198,31
31,208
208,31
31,214
214,31
31,216
216,31
31,218
218,31
31,221
221,31
32,186
186,32
33,21
21,33
33,42
42,33
33,78
78,33
33,111
111,33
33,140
140,33
33,159
159,33
33,163
163,33
33,170
170,33
33,172
172,33
33,209
209,33
34,21
21,34
34,42
42,34
34,73
73,34
34,78
78,34
34,111
111,34
34,123
123,34
34,140
140,34
34,163
163,34
34,170
170,34
34,206
206,34
34,209
209,34
35,6
6,35
35,7
7,35
35,57
57,35
35,64
64,35
35,106
106,35
35,124
124,35
35,128
128,35
35,154
154,35
35,185
185,35
35,202
202,35
35,210
210,35
36,30
30,36
36,40
40,36
37,2
2,37
37,118
118,37
37,207
207,37
38,15
15,38
38,77
77,38
38,90
90,38
38,115
115,38
38,137
137,38
38,161
161,38
38,178
178,38
39,55
55,39
39,186
186,39
40,12
12,40
40,22
22,40
40,25
25,40
40,29
29,40
40,36
36,40
40,49
49,40
40,54
54,40
40,56
56,40
40,60
60,40
40,62
62,40
40,66
66,40
40,69
69,40
40,71
71,40
40,82
82,40
40,90
90,40
40,92
92,40
40,98
98,40
40,115
115,40
40,119
119,40
40,157
157,40
40,160
160,40
40,161
161,40
40,167
167,40
40,168
168,40
40,171
171,40
40,174
174,40
40,177
177,40
40,178
178,40
40,179
179,40
40,198
198,40
40,211
211,40
40,214
214,40
40,216
216,40
40,222
222,40
40,225
225,40
41,5
5,41
41,12
12,41
41,15
15,41
41,22
22,41
41,25
25,41
41,29
29,41
41,54
54,41
41,58
58,41
41,66
66,41
41,69
69,41
41,75
75,41
41,92
92,41
41,98
98,41
41,99
99,41
41,104
104,41
41,106
106,41
41,117
117,41
41,119
119,41
41,129
129,41
41,137
137,41
41,141
141,41
41,146
146,41
41,147
147,41
41,150
150,41
41,151
151,41
41,154
154,41
41,157
157,41
41,161
161,41
41,167
167,41
41,177
177,41
41,191
191,41
41,198
198,41
41,203
203,41
41,212
212,41
41,214
214,41
41,221
221,41
41,222
222,41
42,9
9,42
42,21
21,42
42,33
33,42
42,34
34,42
42,51
51,42
42,73
73,42
42,78
78,42
42,89
89,42
42,111
111,42
42,113
113,42
42,123
123,42
42,140
140,42
42,151
151,42
42,159
159,42
42,163
163,42
42,170
170,42
42,172
172,42
42,206
206,42
42,209
209,42
43,25
25,43
43,29
29,43
43,104
104,43
43,129
129,43
43,193
193,43
44,3
3,44
44,16
16,44
44,47
47,44
44,53
53,44
44,95
95,44
44,130
130,44
44,155
155,44
44,204
204,44
44,219
219,44
45,5
5,45
45,11
11,45
45,18
18,45
45,19
19,45
45,25
25,45
45,27
27,45
45,29
29,45
45,31
31,45
45,48
48,45
45,54
54,45
45,66
66,45
45,68
68,45
45,71
71,45
45,77
77,45
45,82
82,45
45,85
85,45
45,92
92,45
45,100
100,45
45,110
110,45
45,112
112,45
45,114
114,45
45,119
119,45
45,129
129,45
45,136
136,45
45,137
137,45
45,138
138,45
45,141
141,45
45,142
142,45
45,144
144,45
45,145
145,45
45,146
146,45
45,147
147,45
45,151
151,45
45,154
154,45
45,156
156,45
45,157
157,45
45,160
160,45
45,166
166,45
45,167
167,45
45,168
168,45
45,169
169,45
45,171
171,45
45,178
178,45
45,179
179,45
45,181
181,45
45,193
193,45
45,198
198,45
45,203
203,45
45,208
208,45
45,211
211,45
45,214
214,45
45,216
216,45
45,218
218,45
45,221
221,45
45,222
222,45
46,22
22,46
46,25
25,46
46,48
48,46
46,58
58,46
46,66
66,46
46,77
77,46
46,82
82,46
46,84
84,46
46,85
85,46
46,90
90,46
46,110
110,46
46,114
114,46
46,119
119,46
46,127
127,46
46,129
129,46
46,136
136,46
46,137
137,46
46,141
141,46
46,146
146,46
46,147
147,46
46,151
151,46
46,154
154,46
46,157
157,46
46,160
160,46
46,168
168,46
46,169
169,46
46,179
179,46
46,181
181,46
46,191
191,46
46,192
192,46
46,196
196,46
46,208
208,46
46,211
211,46
46,214
214,46
46,215
215,46
46,216
216,46
46,221
221,46
46,222
222,46
47,16
16,47
47,44
44,47
47,53
53,47
47,95
95,47
47,155
155,47
47,219
219,47
48,4
4,48
48,5
5,48
48,18
18,48
48,29
29,48
48,31
31,48
48,45
45,48
48,46
46,48
48,52
52,48
48,54
54,48
48,62
62,48
48,68
68,48
48,90
90,48
48,92
92,48
48,129
129,48
48,133
133,48
48,142
142,48
48,146
146,48
48,157
157,48
48,165
165,48
48,166
166,48
48,167
167,48
48,169
169,48
48,171
171,48
48,174
174,48
48,192
192,48
48,196
196,48
48,198
198,48
48,211
211,48
48,214
214,48
48,221
221,48
49,12
12,49
49,18
18,49
49,20
20,49
49,22
22,49
49,25
25,49
49,29
29,49
49,40
40,49
49,52
52,49
49,54
54,49
49,56
56,49
49,58
58,49
49,62
62,49
49,66
66,49
49,67
67,49
49,68
68,49
49,71
71,49
49,73
73,49
49,75
75,49
49,76
76,49
49,77
77,49
49,79
79,49
49,82
82,49
49,84
84,49
49,85
85,49
49,90
90,49
49,92
92,49
49,105
105,49
49,106
106,49
49,110
110,49
49,114
114,49
49,115
115,49
49,117
117,49
49,119
119,49
49,125
125,49
49,133
133,49
49,137
137,49
49,142
142,49
49,149
149,49
49,151
151,49
49,160
160,49
49,161
161,49
49,165
165,49
49,166
166,49
49,167
167,49
49,168
168,49
49,169
169,49
49,171
171,49
49,174
174,49
49,177
177,49
49,178
178,49
49,179
179,49
49,181
181,49
49,190
190,49
49,191
191,49
49,192
192,49
49,196
196,49
49,198
198,49
49,199
199,49
49,208
208,49
49,211
211,49
49,214
214,49
49,215
215,49
49,216
216,49
49,222
222,49
50,6
6,50
50,7
7,50
50,11
11,50
50,13
13,50
50,19
19,50
50,29
29,50
50,57
57,50
50,64
64,50
50,76
76,50
50,104
104,50
50,124
124,50
50,128
128,50
50,129
129,50
50,135
135,50
50,143
143,50
50,154
154,50
50,164
164,50
50,173
173,50
50,185
185,50
50,200
200,50
50,202
202,50
50,203
203,50
50,210
210,50
50,212
212,50
50,223
223,50
50,225
225,50
51,2
2,51
51,6
6,51
51,7
7,51
51,9
9,51
51,21
21,51
51,22
22,51
51,25
25,51
51,29
29,51
51,42
42,51
51,56
56,51
51,72
72,51
51,73
73,51
51,74
74,51
51,75
75,51
51,76
76,51
51,80
80,51
51,86
86,51
51,93
93,51
51,98
98,51
51,103
103,51
51,111
111,51
51,112
112,51
51,123
123,51
51,131
131,51
51,135
135,51
51,137
137,51
51,139
139,51
51,158
158,51
51,160
160,51
51,161
161,51
51,163
163,51
51,164
164,51
51,167
167,51
51,168
168,51
51,170
170,51
51,172
172,51
51,177
177,51
51,185
185,51
51,195
195,51
51,197
197,51
51,198
198,51
51,200
200,51
51,209
209,51
51,212
212,51
51,218
218,51
51,225
225,51
52,4
4,52
52,20
20,52
52,28
28,52
52,48
48,52
52,49
49,52
52,58
58,52
52,62
62,52
52,63
63,52
52,66
66,52
52,84
84,52
52,85
85,52
52,99
99,52
52,110
110,52
52,116
116,52
52,133
133,52
52,138
138,52
52,142
142,52
52,147
147,52
52,148
148,52
52,151
151,52
52,157
157,52
52,165
165,52
52,166
166,52
52,171
171,52
52,179
179,52
52,180
180,52
52,181
181,52
52,190
190,52
52,192
192,52
52,199
199,52
52,214
214,52
52,216
216,52
53,16
16,53
53,44
44,53
53,47
47,53
53,95
95,53
53,130
130,53
53,155
155,53
53,219
219,53
54,5
5,54
54,18
18,54
54,25
25,54
54,29
29,54
54,31
31,54
54,40
40,54
54,41
41,54
54,45
45,54
54,48
48,54
54,49
49,54
54,58
58,54
54,62
62,54
54,63
63,54
54,66
66,54
54,68
68,54
54,69
69,54
54,71
71,54
54,73
73,54
54,74
74,54
54,75
75,54
54,82
82,54
54,85
85,54
54,86
86,54
54,88
88,54
54,90
90,54
54,92
92,54
54,98
98,54
54,99
99,54
54,110
110,54
54,115
115,54
54,119
119,54
54,129
129,54
54,136
136,54
54,138
138,54
54,141
141,54
54,142
142,54
54,146
146,54
54,147
147,54
54,151
151,54
54,154
154,54
54,157
157,54
54,160
160,54
54,165
165,54
54,166
166,54
54,167
167,54
54,168
168,54
54,169
169,54
54,171
171,54
54,178
178,54
54,179
179,54
54,191
191,54
54,192
192,54
54,193
193,54
54,196
196,54
54,198
198,54
54,208
208,54
54,211
211,54
54,214
214,54
54,216
216,54
54,221
221,54
54,222
222,54
55,39
39,55
56,7
7,56
56,12
12,56
56,15
15,56
56,18
18,56
56,22
22,56
56,25
25,56
56,27
27,56
56,29
29,56
56,40
40,56
56,49
49,56
56,51
51,56
56,66
66,56
56,67
67,56
56,69
69,56
56,71
71,56
56,75
75,56
56,76
76,56
56,79
79,56
56,82
82,56
56,86
86,56
56,90
90,56
56,92
92,56
56,98
98,56
56,105
105,56
56,112
112,56
56,114
114,56
56,117
117,56
56,119
119,56
56,129
129,56
56,136
136,56
56,147
147,56
56,149
149,56
56,151
151,56
56,154
154,56
56,160
160,56
56,161
161,56
56,162
162,56
56,167
167,56
56,168
168,56
56,169
169,56
56,171
171,56
56,174
174,56
56,177
177,56
56,178
178,56
56,196
196,56
56,197
197,56
56,198
198,56
56,199
199,56
56,208
208,56
56,213
213,56
56,214
214,56
56,216
216,56
56,218
218,56
56,221
221,56
56,222
222,56
56,225
225,56
57,6
6,57
57,7
7,57
57,11
11,57
57,19
19,57
57,35
35,57
57,50
50,57
57,106
106,57
57,112
112,57
57,124
124,57
57,129
129,57
57,143
143,57
57,151
151,57
57,164
164,57
57,169
169,57
57,173
173,57
57,200
200,57
57,202
202,57
57,208
208,57
57,210
210,57
58,4
4,58
58,5
5,58
58,18
18,58
58,20
20,58
58,28
28,58
58,41
41,58
58,46
46,58
58,49
49,58
58,52
52,58
58,54
54,58
58,62
62,58
58,63
63,58
58,69
69,58
58,73
73,58
58,75
75,58
58,82
82,58
58,85
85,58
58,94
94,58
58,98
98,58
58,99
99,58
58,106
106,58
58,110
110,58
58,116
116,58
58,119
119,58
58,133
133,58
58,136
136,58
58,137
137,58
58,138
138,58
58,141
141,58
58,147
147,58
58,148
148,58
58,150
150,58
58,154
154,58
58,157
157,58
58,160
160,58
58,165
165,58
58,166
166,58
58,169
169,58
58,179
179,58
58,180
180,58
58,190
190,58
58,191
191,58
58,192
192,58
58,196
196,58
58,199
199,58
58,211
211,58
58,214
214,58
58,215
215,58
58,216
216,58
58,221
221,58
59,11
11,59
59,13
13,59
59,29
29,59
59,72
72,59
59,82
82,59
59,132
132,59
59,167
167,59
59,185
185,59
59,218
218,59
59,223
223,59
60,40
40,60
60,91
91,60
60,186
186,60
61,2
2,61
61,21
21,61
61,80
80,61
61,87
87,61
61,109
109,61
61,112
112,61
61,144
144,61
61,158
158,61
61,164
164,61
61,167
167,61
61,182
182,61
61,187
187,61
61,197
197,61
61,218
218,61
62,4
4,62
62,5
5,62
62,17
17,62
62,18
18,62
62,20
20,62
62,25
25,62
62,28
28,62
62,40
40,62
62,48
48,62
62,49
49,62
62,52
52,62
62,54
54,62
62,58
58,62
62,63
63,62
62,66
66,62
62,71
71,62
62,73
73,62
62,82
82,62
62,84
84,62
62,85
85,62
62,92
92,62
62,93
93,62
62,94
94,62
62,98
98,62
62,99
99,62
62,110
110,62
62,115
115,62
62,119
119,62
62,127
127,62
62,133
133,62
62,137
137,62
62,138
138,62
62,141
141,62
62,142
142,62
62,147
147,62
62,154
154,62
62,157
157,62
62,165
165,62
62,166
166,62
62,167
167,62
62,168
168,62
62,171
171,62
62,174
174,62
62,178
178,62
62,179
179,62
62,180
180,62
62,190
190,62
62,191
191,62
62,192
192,62
62,199
199,62
62,211
211,62
62,214
214,62
62,215
215,62
62,216
216,62
63,4
4,63
63,5
5,63
63,15
15,63
63,20
20,63
63,28
28,63
63,52
52,63
63,54
54,63
63,58
58,63
63,62
62,63
63,66
66,63
63,73
73,63
63,85
85,63
63,110
110,63
63,114
114,63
63,116
116,63
63,133
133,63
63,141
141,63
63,146
146,63
63,147
147,63
63,148
148,63
63,151
151,63
63,154
154,63
63,157
157,63
63,166
166,63
63,169
169,63
63,171
171,63
63,175
175,63
63,179
179,63
63,180
180,63
63,190
190,63
63,192
192,63
63,196
196,63
63,216
216,63
64,7
7,64
64,24
24,64
64,29
29,64
64,35
35,64
64,50
50,64
64,117
117,64
64,128
128,64
64,129
129,64
64,154
154,64
64,202
202,64
64,203
203,64
64,210
210,64
64,212
212,64
64,223
223,64
65,8
8,65
65,152
152,65
66,4
4,66
66,5
5,66
66,7
7,66
66,12
12,66
66,14
14,66
66,15
15,66
66,18
18,66
66,19
19,66
66,20
20,66
66,22
22,66
66,25
25,66
66,27
27,66
66,29
29,66
66,31
31,66
66,40
40,66
66,41
41,66
66,45
45,66
66,46
46,66
66,49
49,66
66,52
52,66
66,54
54,66
66,56
56,66
66,62
62,66
66,63
63,66
66,68
68,66
66,70
70,66
66,71
71,66
66,72
72,66
66,76
76,66
66,77
77,66
66,82
82,66
66,84
84,66
66,85
85,66
66,86
86,66
66,88
88,66
66,90
90,66
66,92
92,66
66,96
96,66
66,106
106,66
66,109
109,66
66,110
110,66
66,114
114,66
66,115
115,66
66,127
127,66
66,135
135,66
66,136
136,66
66,137
137,66
66,138
138,66
66,141
141,66
66,142
142,66
66,146
146,66
66,147
147,66
66,148
148,66
66,150
150,66
66,154
154,66
66,157
157,66
66,158
158,66
66,160
160,66
66,161
161,66
66,166
166,66
66,167
167,66
66,169
169,66
66,171
171,66
66,174
174,66
66,177
177,66
66,178
178,66
66,179
179,66
66,180
180,66
66,181
181,66
66,182
182,66
66,183
183,66
66,187
187,66
66,191
191,66
66,192
192,66
66,196
196,66
66,198
198,66
66,202
202,66
66,203
203,66
66,204
204,66
66,210
210,66
66,213
213,66
66,214
214,66
66,215
215,66
66,216
216,66
66,220
220,66
66,221
221,66
66,222
222,66
66,224
224,66
67,14
14,67
67,22
22,67
67,25
25,67
67,29
29,67
67,49
49,67
67,56
56,67
67,69
69,67
67,99
99,67
67,102
102,67
67,114
114,67
67,115
115,67
67,117
117,67
67,119
119,67
67,127
127,67
67,189
189,67
67,196
196,67
68,15
15,68
68,22
22,68
68,25
25,68
68,26
26,68
68,27
27,68
68,29
29,68
68,31
31,68
68,45
45,68
68,48
48,68
68,49
49,68
68,54
54,68
68,66
66,68
68,76
76,68
68,77
77,68
68,81
81,68
68,82
82,68
68,85
85,68
68,88
88,68
68,90
90,68
68,92
92,68
68,115
115,68
68,119
119,68
68,129
129,68
68,134
134,68
68,137
137,68
68,146
146,68
68,150
150,68
68,154
154,68
68,160
160,68
68,167
167,68
68,168
168,68
68,169
169,68
68,178
178,68
68,196
196,68
68,198
198,68
68,201
201,68
68,208
208,68
68,211
211,68
68,213
213,68
68,214
214,68
68,216
216,68
68,218
218,68
68,221
221,68
68,222
222,68
69,12
12,69
69,14
14,69
69,22
22,69
69,40
40,69
69,41
41,69
69,54
54,69
69,56
56,69
69,58
58,69
69,67
67,69
69,75
75,69
69,82
82,69
69,98
98,69
69,99
99,69
69,114
114,69
69,117
117,69
69,119
119,69
69,127
127,69
69,149
149,69
69,174
174,69
69,189
189,69
69,196
196,69
69,199
199,69
69,211
211,69
69,213
213,69
69,218
218,69
70,19
19,70
70,20
20,70
70,22
22,70
70,66
66,70
70,71
71,70
70,73
73,70
70,84
84,70
70,86
86,70
70,119
119,70
70,137
137,70
70,147
147,70
70,148
148,70
70,151
151,70
70,154
154,70
70,157
157,70
70,191
191,70
70,212
212,70
70,218
218,70
70,222
222,70
70,224
224,70
71,5
5,71
71,12
12,71
71,15
15,71
71,18
18,71
71,22
22,71
71,25
25,71
71,27
27,71
71,29
29,71
71,31
31,71
71,40
40,71
71,45
45,71
71,49
49,71
71,54
54,71
71,56
56,71
71,62
62,71
71,66
66,71
71,70
70,71
71,75
75,71
71,82
82,71
71,85
85,71
71,92
92,71
71,98
98,71
71,99
99,71
71,110
110,71
71,114
114,71
71,115
115,71
71,119
119,71
71,129
129,71
71,133
133,71
71,137
137,71
71,146
146,71
71,147
147,71
71,149
149,71
71,151
151,71
71,154
154,71
71,157
157,71
71,160
160,71
71,161
161,71
71,162
162,71
71,165
165,71
71,167
167,71
71,168
168,71
71,169
169,71
71,171
171,71
71,174
174,71
71,177
177,71
71,178
178,71
71,181
181,71
71,191
191,71
71,192
192,71
71,196
196,71
71,198
198,71
71,199
199,71
71,208
208,71
71,211
211,71
71,214
214,71
71,215
215,71
71,216
216,71
71,221
221,71
71,222
222,71
71,225
225,71
72,7
7,72
72,27
27,72
72,51
51,72
72,59
59,72
72,66
66,72
72,86
86,72
72,117
117,72
72,119
119,72
72,129
129,72
72,135
135,72
72,151
151,72
72,158
158,72
72,160
160,72
72,164
164,72
72,168
168,72
72,177
177,72
72,198
198,72
72,202
202,72
72,208
208,72
72,210
210,72
72,212
212,72
72,223
223,72
73,2
2,73
73,5
5,73
73,9
9,73
73,15
15,73
73,20
20,73
73,21
21,73
73,22
22,73
73,27
27,73
73,29
29,73
73,34
34,73
73,42
42,73
73,49
49,73
73,51
51,73
73,54
54,73
73,58
58,73
73,62
62,73
73,63
63,73
73,70
70,73
73,76
76,73
73,77
77,73
73,78
78,73
73,82
82,73
73,84
84,73
73,85
85,73
73,94
94,73
73,106
106,73
73,110
110,73
73,123
123,73
73,125
125,73
73,129
129,73
73,137
137,73
73,138
138,73
73,140
140,73
73,141
141,73
73,142
142,73
73,146
146,73
73,147
147,73
73,157
157,73
73,159
159,73
73,167
167,73
73,170
170,73
73,171
171,73
73,172
172,73
73,179
179,73
73,180
180,73
73,181
181,73
73,190
190,73
73,191
191,73
73,192
192,73
73,194
194,73
73,198
198,73
73,206
206,73
73,214
214,73
73,216
216,73
73,220
220,73
73,222
222,73
74,5
5,74
74,22
22,74
74,27
27,74
74,29
29,74
74,51
51,74
74,54
54,74
74,84
84,74
74,86
86,74
74,93
93,74
74,105
105,74
74,119
119,74
74,125
125,74
74,137
137,74
74,138
138,74
74,160
160,74
74,161
161,74
74,167
167,74
74,168
168,74
74,178
178,74
74,191
191,74
74,208
208,74
74,211
211,74
74,218
218,74
74,221
221,74
74,222
222,74
74,224
224,74
75,24
24,75
75,25
25,75
75,41
41,75
75,49
49,75
75,51
51,75
75,54
54,75
75,56
56,75
75,58
58,75
75,69
69,75
75,71
71,75
75,98
98,75
75,99
99,75
75,109
109,75
75,111
111,75
75,119
119,75
75,141
141,75
75,147
147,75
75,154
154,75
75,158
158,75
75,197
197,75
75,199
199,75
75,213
213,75
75,218
218,75
75,225
225,75
76,11
11,76
76,12
12,76
76,19
19,76
76,24
24,76
76,49
49,76
76,50
50,76
76,51
51,76
76,56
56,76
76,66
66,76
76,68
68,76
76,73
73,76
76,86
86,76
76,92
92,76
76,98
98,76
76,103
103,76
76,109
109,76
76,114
114,76
76,128
128,76
76,135
135,76
76,137
137,76
76,143
143,76
76,151
151,76
76,158
158,76
76,174
174,76
76,177
177,76
76,199
199,76
76,200
200,76
76,202
202,76
76,208
208,76
76,210
210,76
76,216
216,76
76,225
225,76
77,22
22,77
77,25
25,77
77,29
29,77
77,31
31,77
77,38
38,77
77,45
45,77
77,46
46,77
77,49
49,77
77,66
66,77
77,68
68,77
77,73
73,77
77,79
79,77
77,82
82,77
77,84
84,77
77,85
85,77
77,90
90,77
77,98
98,77
77,110
110,77
77,115
115,77
77,119
119,77
77,127
127,77
77,129
129,77
77,138
138,77
77,146
146,77
77,151
151,77
77,154
154,77
77,157
157,77
77,160
160,77
77,167
167,77
77,171
171,77
77,177
177,77
77,178
178,77
77,179
179,77
77,181
181,77
77,191
191,77
77,192
192,77
77,208
208,77
77,211
211,77
77,213
213,77
77,214
214,77
77,215
215,77
77,216
216,77
77,222
222,77
78,9
9,78
78,21
21,78
78,33
33,78
78,34
34,78
78,42
42,78
78,73
73,78
78,89
89,78
78,111
111,78
78,123
123,78
78,140
140,78
78,159
159,78
78,163
163,78
78,170
170,78
78,172
172,78
78,206
206,78
78,209
209,78
79,25
25,79
79,49
49,79
79,56
56,79
79,77
77,79
79,81
81,79
79,82
82,79
79,88
88,79
79,93
93,79
79,110
110,79
79,114
114,79
79,131
131,79
79,133
133,79
79,174
174,79
79,177
177,79
79,188
188,79
79,208
208,79
79,218
218,79
79,225
225,79
80,2
2,80
80,29
29,80
80,31
31,80
80,51
51,80
80,61
61,80
80,85
85,80
80,109
109,80
80,125
125,80
80,158
158,80
80,164
164,80
80,167
167,80
80,178
178,80
80,179
179,80
80,185
185,80
80,198
198,80
80,200
200,80
80,218
218,80
81,68
68,81
81,79
79,81
81,82
82,81
81,118
118,81
81,150
150,81
81,201
201,81
81,204
204,81
81,218
218,81
82,5
5,82
82,12
12,82
82,18
18,82
82,22
22,82
82,25
25,82
82,26
26,82
82,29
29,82
82,31
31,82
82,40
40,82
82,45
45,82
82,46
46,82
82,49
49,82
82,54
54,82
82,56
56,82
82,58
58,82
82,59
59,82
82,62
62,82
82,66
66,82
82,68
68,82
82,69
69,82
82,71
71,82
82,73
73,82
82,77
77,82
82,79
79,82
82,81
81,82
82,84
84,82
82,85
85,82
82,86
86,82
82,88
88,82
82,90
90,82
82,92
92,82
82,98
98,82
82,105
105,82
82,106
106,82
82,110
110,82
82,114
114,82
82,115
115,82
82,117
117,82
82,119
119,82
82,127
127,82
82,129
129,82
82,133
133,82
82,136
136,82
82,138
138,82
82,146
146,82
82,151
151,82
82,154
154,82
82,160
160,82
82,161
161,82
82,162
162,82
82,165
165,82
82,166
166,82
82,167
167,82
82,168
168,82
82,169
169,82
82,171
171,82
82,174
174,82
82,177
177,82
82,178
178,82
82,179
179,82
82,180
180,82
82,196
196,82
82,198
198,82
82,199
199,82
82,204
204,82
82,208
208,82
82,213
213,82
82,214
214,82
82,216
216,82
82,218
218,82
82,222
222,82
82,225
225,82
83,24
24,83
83,109
109,83
83,120
120,83
83,135
135,83
83,158
158,83
83,176
176,83
83,183
183,83
83,185
185,83
83,193
193,83
84,5
5,84
84,18
18,84
84,22
22,84
84,27
27,84
84,46
46,84
84,49
49,84
84,52
52,84
84,62
62,84
84,66
66,84
84,70
70,84
84,73
73,84
84,74
74,84
84,77
77,84
84,82
82,84
84,86
86,84
84,93
93,84
84,105
105,84
84,110
110,84
84,119
119,84
84,123
123,84
84,125
125,84
84,137
137,84
84,138
138,84
84,147
147,84
84,151
151,84
84,157
157,84
84,168
168,84
84,179
179,84
84,180
180,84
84,191
191,84
84,195
195,84
84,208
208,84
84,214
214,84
84,216
216,84
84,218
218,84
84,221
221,84
84,224
224,84
85,4
4,85
85,5
5,85
85,18
18,85
85,20
20,85
85,22
22,85
85,25
25,85
85,27
27,85
85,28
28,85
85,29
29,85
85,31
31,85
85,45
45,85
85,46
46,85
85,49
49,85
85,52
52,85
85,54
54,85
85,58
58,85
85,62
62,85
85,63
63,85
85,66
66,85
85,68
68,85
85,71
71,85
85,73
73,85
85,77
77,85
85,80
80,85
85,82
82,85
85,86
86,85
85,88
88,85
85,90
90,85
85,92
92,85
85,94
94,85
85,110
110,85
85,116
116,85
85,119
119,85
85,125
125,85
85,126
126,85
85,129
129,85
85,133
133,85
85,136
136,85
85,137
137,85
85,138
138,85
85,141
141,85
85,146
146,85
85,147
147,85
85,151
151,85
85,154
154,85
85,157
157,85
85,160
160,85
85,161
161,85
85,165
165,85
85,166
166,85
85,167
167,85
85,168
168,85
85,169
169,85
85,171
171,85
85,179
179,85
85,181
181,85
85,190
190,85
85,191
191,85
85,192
192,85
85,199
199,85
85,211
211,85
85,214
214,85
85,216
216,85
85,218
218,85
85,221
221,85
86,5
5,86
86,12
12,86
86,15
15,86
86,22
22,86
86,27
27,86
86,29
29,86
86,51
51,86
86,54
54,86
86,56
56,86
86,66
66,86
86,70
70,86
86,72
72,86
86,74
74,86
86,76
76,86
86,82
82,86
86,84
84,86
86,85
85,86
86,92
92,86
86,93
93,86
86,98
98,86
86,105
105,86
86,106
106,86
86,109
109,86
86,110
110,86
86,114
114,86
86,119
119,86
86,125
125,86
86,129
129,86
86,136
136,86
86,137
137,86
86,151
151,86
86,158
158,86
86,160
160,86
86,161
161,86
86,164
164,86
86,167
167,86
86,168
168,86
86,175
175,86
86,179
179,86
86,181
181,86
86,195
195,86
86,198
198,86
86,199
199,86
86,200
200,86
86,208
208,86
86,210
210,86
86,212
212,86
86,214
214,86
86,216
216,86
86,218
218,86
86,221
221,86
86,224
224,86
86,225
225,86
86,226
226,86
87,2
2,87
87,21
21,87
87,61
61,87
87,109
109,87
87,158
158,87
87,164
164,87
87,182
182,87
87,187
187,87
87,218
218,87
88,1
1,88
88,18
18,88
88,25
25,88
88,29
29,88
88,31
31,88
88,54
54,88
88,66
66,88
88,68
68,88
88,79
79,88
88,82
82,88
88,85
85,88
88,90
90,88
88,110
110,88
88,112
112,88
88,129
129,88
88,132
132,88
88,142
142,88
88,144
144,88
88,146
146,88
88,150
150,88
88,151
151,88
88,160
160,88
88,169
169,88
88,171
171,88
88,177
177,88
88,188
188,88
88,214
214,88
88,218
218,88
88,221
221,88
89,21
21,89
89,42
42,89
89,78
78,89
89,113
113,89
89,151
151,89
89,172
172,89
89,206
206,89
89,210
210,89
89,218
218,89
90,15
15,90
90,18
18,90
90,22
22,90
90,25
25,90
90,29
29,90
90,31
31,90
90,38
38,90
90,40
40,90
90,46
46,90
90,48
48,90
90,49
49,90
90,54
54,90
90,56
56,90
90,66
66,90
90,68
68,90
90,77
77,90
90,82
82,90
90,85
85,90
90,88
88,90
90,92
92,90
90,115
115,90
90,119
119,90
90,129
129,90
90,132
132,90
90,137
137,90
90,138
138,90
90,142
142,90
90,146
146,90
90,150
150,90
90,151
151,90
90,160
160,90
90,161
161,90
90,165
165,90
90,167
167,90
90,171
171,90
90,177
177,90
90,178
178,90
90,179
179,90
90,181
181,90
90,196
196,90
90,208
208,90
90,211
211,90
90,214
214,90
90,216
216,90
90,218
218,90
90,221
221,90
91,60
60,91
91,107
107,91
91,116
116,91
91,117
117,91
91,121
121,91
91,152
152,91
91,153
153,91
91,186
186,91
91,227
227,91
92,12
12,92
92,18
18,92
92,22
22,92
92,25
25,92
92,27
27,92
92,29
29,92
92,40
40,92
92,41
41,92
92,45
45,92
92,48
48,92
92,49
49,92
92,54
54,92
92,56
56,92
92,62
62,92
92,66
66,92
92,68
68,92
92,71
71,92
92,76
76,92
92,82
82,92
92,85
85,92
92,86
86,92
92,90
90,92
92,98
98,92
92,100
100,92
92,106
106,92
92,110
110,92
92,114
114,92
92,115
115,92
92,119
119,92
92,127
127,92
92,129
129,92
92,137
137,92
92,142
142,92
92,146
146,92
92,147
147,92
92,149
149,92
92,150
150,92
92,151
151,92
92,154
154,92
92,157
157,92
92,160
160,92
92,161
161,92
92,165
165,92
92,167
167,92
92,168
168,92
92,171
171,92
92,174
174,92
92,175
175,92
92,177
177,92
92,178
178,92
92,179
179,92
92,200
200,92
92,203
203,92
92,208
208,92
92,211
211,92
92,214
214,92
92,216
216,92
92,218
218,92
92,221
221,92
93,22
22,93
93,25
25,93
93,27
27,93
93,29
29,93
93,51
51,93
93,62
62,93
93,74
74,93
93,79
79,93
93,84
84,93
93,86
86,93
93,96
96,93
93,98
98,93
93,99
99,93
93,105
105,93
93,110
110,93
93,112
112,93
93,115
115,93
93,119
119,93
93,125
125,93
93,127
127,93
93,129
129,93
93,131
131,93
93,141
141,93
93,154
154,93
93,160
160,93
93,161
161,93
93,167
167,93
93,168
168,93
93,171
171,93
93,174
174,93
93,177
177,93
93,179
179,93
93,181
181,93
93,192
192,93
93,196
196,93
93,198
198,93
93,208
208,93
93,216
216,93
93,218
218,93
93,221
221,93
93,222
222,93
93,225
225,93
94,58
58,94
94,62
62,94
94,73
73,94
94,85
85,94
94,103
103,94
94,110
110,94
94,133
133,94
94,138
138,94
94,147
147,94
94,150
150,94
94,162
162,94
94,179
179,94
94,192
192,94
95,16
16,95
95,44
44,95
95,47
47,95
95,53
53,95
95,130
130,95
95,155
155,95
95,219
219,95
96,12
12,96
96,21
21,96
96,29
29,96
96,66
66,96
96,93
93,96
96,114
114,96
96,129
129,96
96,177
177,96
96,185
185,96
96,198
198,96
96,218
218,96
97,107
107,97
98,12
12,98
98,15
15,98
98,24
24,98
98,27
27,98
98,29
29,98
98,40
40,98
98,41
41,98
98,51
51,98
98,54
54,98
98,56
56,98
98,58
58,98
98,62
62,98
98,69
69,98
98,71
71,98
98,75
75,98
98,76
76,98
98,77
77,98
98,82
82,98
98,86
86,98
98,92
92,98
98,93
93,98
98,99
99,98
98,103
103,98
98,114
114,98
98,127
127,98
98,129
129,98
98,137
137,98
98,141
141,98
98,142
142,98
98,149
149,98
98,154
154,98
98,157
157,98
98,158
158,98
98,160
160,98
98,161
161,98
98,167
167,98
98,171
171,98
98,174
174,98
98,177
177,98
98,185
185,98
98,192
192,98
98,198
198,98
98,199
199,98
98,211
211,98
98,214
214,98
98,225
225,98
99,14
14,99
99,41
41,99
99,52
52,99
99,54
54,99
99,58
58,99
99,62
62,99
99,67
67,99
99,69
69,99
99,71
71,99
99,75
75,99
99,93
93,99
99,98
98,99
99,114
114,99
99,117
117,99
99,119
119,99
99,127
127,99
99,141
141,99
99,146
146,99
99,147
147,99
99,149
149,99
99,154
154,99
99,174
174,99
99,189
189,99
99,196
196,99
99,211
211,99
99,215
215,99
100,5
5,100
100,18
18,100
100,25
25,100
100,29
29,100
100,45
45,100
100,92
92,100
100,129
129,100
100,136
136,100
100,137
137,100
100,141
141,100
100,144
144,100
100,145
145,100
100,146
146,100
100,169
169,100
100,171
171,100
100,193
193,100
100,203
203,100
101,101
102,67
67,102
102,114
114,102
103,51
51,103
103,76
76,103
103,94
94,103
103,98
98,103
103,134
134,103
103,158
158,103
103,161
161,103
103,197
197,103
103,218
218,103
104,6
6,104
104,13
13,104
104,25
25,104
104,29
29,104
104,41
41,104
104,43
43,104
104,50
50,104
104,106
106,104
104,117
117,104
104,128
128,104
104,129
129,104
104,135
135,104
104,143
143,104
104,151
151,104
104,154
154,104
104,173
173,104
104,185
185,104
104,193
193,104
104,202
202,104
104,203
203,104
104,212
212,104
105,22
22,105
105,27
27,105
105,49
49,105
105,56
56,105
105,74
74,105
105,82
82,105
105,84
84,105
105,86
86,105
105,93
93,105
105,119
119,105
105,125
125,105
105,147
147,105
105,157
157,105
105,160
160,105
105,161
161,105
105,167
167,105
105,168
168,105
105,198
198,105
105,208
208,105
105,211
211,105
105,216
216,105
105,218
218,105
105,222
222,105
105,224
224,105
106,6
6,106
106,7
7,106
106,11
11,106
106,19
19,106
106,22
22,106
106,29
29,106
106,31
31,106
106,35
35,106
106,41
41,106
106,49
49,106
106,57
57,106
106,58
58,106
106,66
66,106
106,73
73,106
106,82
82,106
106,86
86,106
106,92
92,106
106,104
104,106
106,114
114,106
106,117
117,106
106,119
119,106
106,124
124,106
106,129
129,106
106,143
143,106
106,151
151,106
106,154
154,106
106,160
160,106
106,161
161,106
106,164
164,106
106,167
167,106
106,173
173,106
106,175
175,106
106,185
185,106
106,198
198,106
106,200
200,106
106,202
202,106
106,208
208,106
106,210
210,106
106,212
212,106
106,214
214,106
106,221
221,106
107,91
91,107
107,97
97,107
107,122
122,107
107,152
152,107
108,3
3,108
108,219
219,108
109,2
2,109
109,7
7,109
109,11
11,109
109,15
15,109
109,19
19,109
109,21
21,109
109,24
24,109
109,61
61,109
109,66
66,109
109,75
75,109
109,76
76,109
109,80
80,109
109,83
83,109
109,86
86,109
109,87
87,109
109,120
120,109
109,151
151,109
109,154
154,109
109,158
158,109
109,160
160,109
109,164
164,109
109,176
176,109
109,182
182,109
109,183
183,109
109,185
185,109
109,193
193,109
109,195
195,109
109,197
197,109
109,200
200,109
109,208
208,109
109,212
212,109
109,216
216,109
109,218
218,109
109,220
220,109
109,223
223,109
109,224
224,109
110,4
4,110
110,20
20,110
110,22
22,110
110,25
25,110
110,27
27,110
110,28
28,110
110,29
29,110
110,31
31,110
110,45
45,110
110,46
46,110
110,49
49,110
110,52
52,110
110,54
54,110
110,58
58,110
110,62
62,110
110,63
63,110
110,66
66,110
110,71
71,110
110,73
73,110
110,77
77,110
110,79
79,110
110,82
82,110
110,84
84,110
110,85
85,110
110,86
86,110
110,88
88,110
110,92
92,110
110,93
93,110
110,94
94,110
110,114
114,110
110,116
116,110
110,119
119,110
110,127
127,110
110,133
133,110
110,138
138,110
110,147
147,110
110,148
148,110
110,149
149,110
110,150
150,110
110,151
151,110
110,157
157,110
110,160
160,110
110,165
165,110
110,166
166,110
110,167
167,110
110,171
171,110
110,174
174,110
110,177
177,110
110,178
178,110
110,179
179,110
110,181
181,110
110,191
191,110
110,192
192,110
110,199
199,110
110,208
208,110
110,214
214,110
110,216
216,110
110,218
218,110
110,221
221,110
110,222
222,110
111,9
9,111
111,21
21,111
111,33
33,111
111,34
34,111
111,42
42,111
111,51
51,111
111,75
75,111
111,78
78,111
111,113
113,111
111,123
123,111
111,131
131,111
111,140
140,111
111,159
159,111
111,163
163,111
111,170
170,111
111,172
172,111
111,206
206,111
111,209
209,111
111,218
218,111
112,6
6,112
112,22
22,112
112,29
29,112
112,45
45,112
112,51
51,112
112,56
56,112
112,57
57,112
112,61
61,112
112,88
88,112
112,93
93,112
112,123
123,112
112,124
124,112
112,129
129,112
112,136
136,112
112,143
143,112
112,144
144,112
112,150
150,112
112,151
151,112
112,161
161,112
112,164
164,112
112,168
168,112
112,169
169,112
112,199
199,112
112,208
208,112
112,210
210,112
113,9
9,113
113,42
42,113
113,89
89,113
113,111
111,113
113,140
140,113
113,170
170,113
113,172
172,113
113,206
206,113
113,218
218,113
114,5
5,114
114,7
7,114
114,12
12,114
114,14
14,114
114,18
18,114
114,22
22,114
114,23
23,114
114,24
24,114
114,25
25,114
114,27
27,114
114,29
29,114
114,45
45,114
114,46
46,114
114,49
49,114
114,56
56,114
114,63
63,114
114,66
66,114
114,67
67,114
114,69
69,114
114,71
71,114
114,76
76,114
114,79
79,114
114,82
82,114
114,86
86,114
114,92
92,114
114,96
96,114
114,98
98,114
114,99
99,114
114,102
102,114
114,106
106,114
114,110
110,114
114,115
115,114
114,117
117,114
114,119
119,114
114,127
127,114
114,129
129,114
114,133
133,114
114,136
136,114
114,146
146,114
114,149
149,114
114,151
151,114
114,160
160,114
114,161
161,114
114,162
162,114
114,168
168,114
114,169
169,114
114,171
171,114
114,174
174,114
114,175
175,114
114,177
177,114
114,178
178,114
114,189
189,114
114,196
196,114
114,197
197,114
114,198
198,114
114,199
199,114
114,202
202,114
114,208
208,114
114,213
213,114
114,214
214,114
114,215
215,114
114,218
218,114
114,221
221,114
114,222
222,114
114,225
225,114
115,12
12,115
115,15
15,115
115,22
22,115
115,25
25,115
115,27
27,115
115,29
29,115
115,31
31,115
115,38
38,115
115,40
40,115
115,49
49,115
115,54
54,115
115,62
62,115
115,66
66,115
115,67
67,115
115,68
68,115
115,71
71,115
115,77
77,115
115,82
82,115
115,90
90,115
115,92
92,115
115,93
93,115
115,114
114,115
115,117
117,115
115,119
119,115
115,125
125,115
115,129
129,115
115,137
137,115
115,146
146,115
115,151
151,115
115,160
160,115
115,161
161,115
115,167
167,115
115,171
171,115
115,174
174,115
115,177
177,115
115,178
178,115
115,179
179,115
115,181
181,115
115,196
196,115
115,198
198,115
115,203
203,115
115,208
208,115
115,214
214,115
115,216
216,115
115,222
222,115
116,4
4,116
116,5
5,116
116,20
20,116
116,52
52,116
116,58
58,116
116,63
63,116
116,85
85,116
116,91
91,116
116,110
110,116
116,141
141,116
116,147
147,116
116,148
148,116
116,166
166,116
116,171
171,116
116,179
179,116
116,186
186,116
116,190
190,116
116,192
192,116
117,6
6,117
117,7
7,117
117,12
12,117
117,13
13,117
117,14
14,117
117,15
15,117
117,25
25,117
117,27
27,117
117,29
29,117
117,41
41,117
117,49
49,117
117,56
56,117
117,64
64,117
117,67
67,117
117,69
69,117
117,72
72,117
117,82
82,117
117,91
91,117
117,99
99,117
117,104
104,117
117,106
106,117
117,114
114,117
117,115
115,117
117,127
127,117
117,129
129,117
117,135
135,117
117,137
137,117
117,143
143,117
117,154
154,117
117,158
158,117
117,161
161,117
117,171
171,117
117,173
173,117
117,178
178,117
117,185
185,117
117,189
189,117
117,196
196,117
117,202
202,117
117,210
210,117
117,212
212,117
117,215
215,117
117,225
225,117
118,37
37,118
118,81
81,118
118,201
201,118
118,207
207,118
119,22
22,119
119,25
25,119
119,27
27,119
119,29
29,119
119,31
31,119
119,40
40,119
119,41
41,119
119,45
45,119
119,46
46,119
119,49
49,119
119,54
54,119
119,56
56,119
119,58
58,119
119,62
62,119
119,67
67,119
119,68
68,119
119,69
69,119
119,70
70,119
119,71
71,119
119,72
72,119
119,74
74,119
119,75
75,119
119,77
77,119
119,82
82,119
119,84
84,119
119,85
85,119
119,86
86,119
119,90
90,119
119,92
92,119
119,93
93,119
119,99
99,119
119,105
105,119
119,106
106,119
119,110
110,119
119,114
114,119
119,115
115,119
119,125
125,119
119,127
127,119
119,129
129,119
119,137
137,119
119,138
138,119
119,141
141,119
119,147
147,119
119,149
149,119
119,154
154,119
119,157
157,119
119,160
160,119
119,161
161,119
119,165
165,119
119,167
167,119
119,169
169,119
119,171
171,119
119,178
178,119
119,179
179,119
119,180
180,119
119,189
189,119
119,191
191,119
119,192
192,119
119,196
196,119
119,198
198,119
119,211
211,119
119,212
212,119
119,213
213,119
119,214
214,119
119,216
216,119
119,221
221,119
119,222
222,119
119,224
224,119
119,225
225,119
120,83
83,120
120,109
109,120
120,135
135,120
120,158
158,120
120,176
176,120
120,183
183,120
120,185
185,120
120,193
193,120
121,91
91,121
121,186
186,121
121,227
227,121
122,107
107,122
123,9
9,123
123,21
21,123
123,22
22,123
123,34
34,123
123,42
42,123
123,51
51,123
123,73
73,123
123,78
78,123
123,84
84,123
123,111
111,123
123,112
112,123
123,140
140,123
123,151
151,123
123,159
159,123
123,170
170,123
123,172
172,123
123,194
194,123
123,206
206,123
123,208
208,123
123,209
209,123
123,218
218,123
124,6
6,124
124,7
7,124
124,11
11,124
124,13
13,124
124,35
35,124
124,50
50,124
124,57
57,124
124,106
106,124
124,112
112,124
124,161
161,124
124,173
173,124
124,185
185,124
124,202
202,124
124,210
210,124
124,217
217,124
125,5
5,125
125,22
22,125
125,25
25,125
125,29
29,125
125,31
31,125
125,49
49,125
125,73
73,125
125,74
74,125
125,80
80,125
125,84
84,125
125,85
85,125
125,86
86,125
125,93
93,125
125,105
105,125
125,115
115,125
125,119
119,125
125,129
129,125
125,161
161,125
125,167
167,125
125,168
168,125
125,169
169,125
125,178
178,125
125,191
191,125
125,208
208,125
125,214
214,125
125,216
216,125
125,218
218,125
125,221
221,125
125,222
222,125
125,224
224,125
126,8
8,126
126,85
85,126
126,187
187,126
126,222
222,126
127,14
14,127
127,25
25,127
127,29
29,127
127,46
46,127
127,62
62,127
127,66
66,127
127,67
67,127
127,69
69,127
127,77
77,127
127,82
82,127
127,92
92,127
127,93
93,127
127,98
98,127
127,99
99,127
127,110
110,127
127,114
114,127
127,117
117,127
127,119
119,127
127,133
133,127
127,137
137,127
127,149
149,127
127,157
157,127
127,169
169,127
127,179
179,127
127,181
181,127
127,189
189,127
127,193
193,127
127,196
196,127
127,211
211,127
127,215
215,127
127,216
216,127
128,6
6,128
128,7
7,128
128,11
11,128
128,13
13,128
128,19
19,128
128,35
35,128
128,50
50,128
128,64
64,128
128,76
76,128
128,104
104,128
128,129
129,128
128,135
135,128
128,143
143,128
128,154
154,128
128,185
185,128
128,200
200,128
128,202
202,128
128,203
203,128
128,212
212,128
129,5
5,129
129,7
7,129
129,11
11,129
129,13
13,129
129,15
15,129
129,18
18,129
129,19
19,129
129,22
22,129
129,25
25,129
129,27
27,129
129,29
29,129
129,31
31,129
129,41
41,129
129,43
43,129
129,45
45,129
129,46
46,129
129,48
48,129
129,50
50,129
129,54
54,129
129,56
56,129
129,57
57,129
129,64
64,129
129,68
68,129
129,71
71,129
129,72
72,129
129,73
73,129
129,77
77,129
129,82
82,129
129,85
85,129
129,86
86,129
129,88
88,129
129,90
90,129
129,92
92,129
129,93
93,129
129,96
96,129
129,98
98,129
129,100
100,129
129,104
104,129
129,106
106,129
129,112
112,129
129,114
114,129
129,115
115,129
129,117
117,129
129,119
119,129
129,125
125,129
129,128
128,129
129,135
135,129
129,136
136,129
129,137
137,129
129,138
138,129
129,141
141,129
129,142
142,129
129,143
143,129
129,144
144,129
129,145
145,129
129,146
146,129
129,150
150,129
129,151
151,129
129,154
154,129
129,156
156,129
129,160
160,129
129,161
161,129
129,167
167,129
129,168
168,129
129,169
169,129
129,171
171,129
129,173
173,129
129,175
175,129
129,177
177,129
129,178
178,129
129,179
179,129
129,181
181,129
129,185
185,129
129,196
196,129
129,198
198,129
129,199
199,129
129,200
200,129
129,202
202,129
129,203
203,129
129,208
208,129
129,210
210,129
129,211
211,129
129,212
212,129
129,214
214,129
129,216
216,129
129,218
218,129
129,220
220,129
129,221
221,129
129,222
222,129
130,16
16,130
130,44
44,130
130,53
53,130
130,95
95,130
130,155
155,130
131,9
9,131
131,21
21,131
131,51
51,131
131,79
79,131
131,93
93,131
131,111
111,131
131,139
139,131
131,170
170,131
131,172
172,131
131,209
209,131
131,218
218,131
132,1
1,132
132,59
59,132
132,88
88,132
132,90
90,132
132,150
150,132
132,162
162,132
132,188
188,132
133,4
4,133
133,20
20,133
133,28
28,133
133,48
48,133
133,49
49,133
133,52
52,133
133,58
58,133
133,62
62,133
133,63
63,133
133,71
71,133
133,79
79,133
133,82
82,133
133,85
85,133
133,94
94,133
133,110
110,133
133,114
114,133
133,127
127,133
133,137
137,133
133,138
138,133
133,146
146,133
133,147
147,133
133,157
157,133
133,165
165,133
133,166
166,133
133,167
167,133
133,169
169,133
133,171
171,133
133,174
174,133
133,179
179,133
133,181
181,133
133,190
190,133
133,192
192,133
133,196
196,133
133,199
199,133
133,214
214,133
133,216
216,133
134,68
68,134
134,103
103,134
134,194
194,134
134,197
197,134
134,218
218,134
135,6
6,135
135,7
7,135
135,11
11,135
135,13
13,135
135,15
15,135
135,19
19,135
135,29
29,135
135,50
50,135
135,51
51,135
135,66
66,135
135,72
72,135
135,76
76,135
135,83
83,135
135,104
104,135
135,117
117,135
135,120
120,135
135,128
128,135
135,129
129,135
135,143
143,135
135,158
158,135
135,173
173,135
135,176
176,135
135,185
185,135
135,193
193,135
135,202
202,135
135,210
210,135
136,5
5,136
136,14
14,136
136,15
15,136
136,18
18,136
136,27
27,136
136,29
29,136
136,31
31,136
136,45
45,136
136,46
46,136
136,54
54,136
136,56
56,136
136,58
58,136
136,66
66,136
136,82
82,136
136,85
85,136
136,86
86,136
136,100
100,136
136,112
112,136
136,114
114,136
136,129
129,136
136,137
137,136
136,138
138,136
136,150
150,136
136,151
151,136
136,160
160,136
136,161
161,136
136,169
169,136
136,171
171,136
136,179
179,136
136,203
203,136
136,208
208,136
136,211
211,136
136,220
220,136
137,5
5,137
137,15
15,137
137,18
18,137
137,19
19,137
137,22
22,137
137,25
25,137
137,27
27,137
137,29
29,137
137,31
31,137
137,38
38,137
137,41
41,137
137,45
45,137
137,46
46,137
137,49
49,137
137,51
51,137
137,58
58,137
137,62
62,137
137,66
66,137
137,68
68,137
137,70
70,137
137,71
71,137
137,73
73,137
137,74
74,137
137,76
76,137
137,84
84,137
137,85
85,137
137,86
86,137
137,90
90,137
137,92
92,137
137,98
98,137
137,100
100,137
137,115
115,137
137,117
117,137
137,119
119,137
137,127
127,137
137,129
129,137
137,133
133,137
137,136
136,137
137,138
138,137
137,141
141,137
137,146
146,137
137,147
147,137
137,148
148,137
137,150
150,137
137,151
151,137
137,154
154,137
137,157
157,137
137,160
160,137
137,161
161,137
137,167
167,137
137,168
168,137
137,169
169,137
137,171
171,137
137,174
174,137
137,178
178,137
137,179
179,137
137,180
180,137
137,181
181,137
137,189
189,137
137,191
191,137
137,192
192,137
137,196
196,137
137,198
198,137
137,208
208,137
137,212
212,137
137,214
214,137
137,215
215,137
137,216
216,137
137,218
218,137
137,221
221,137
137,222
222,137
138,2
2,138
138,4
4,138
138,5
5,138
138,15
15,138
138,18
18,138
138,28
28,138
138,31
31,138
138,45
45,138
138,52
52,138
138,54
54,138
138,58
58,138
138,62
62,138
138,66
66,138
138,73
73,138
138,74
74,138
138,77
77,138
138,82
82,138
138,84
84,138
138,85
85,138
138,90
90,138
138,94
94,138
138,110
110,138
138,119
119,138
138,129
129,138
138,133
133,138
138,136
136,138
138,137
137,138
138,147
147,138
138,148
148,138
138,151
151,138
138,154
154,138
138,157
157,138
138,160
160,138
138,165
165,138
138,167
167,138
138,168
168,138
138,169
169,138
138,171
171,138
138,174
174,138
138,179
179,138
138,180
180,138
138,181
181,138
138,190
190,138
138,191
191,138
138,192
192,138
138,198
198,138
138,214
214,138
138,215
215,138
138,221
221,138
138,222
222,138
139,51
51,139
139,131
131,139
139,172
172,139
139,218
218,139
140,9
9,140
140,21
21,140
140,33
33,140
140,34
34,140
140,42
42,140
140,73
73,140
140,78
78,140
140,111
111,140
140,113
113,140
140,123
123,140
140,159
159,140
140,163
163,140
140,170
170,140
140,206
206,140
140,209
209,140
141,5
5,141
141,15
15,141
141,29
29,141
141,31
31,141
141,41
41,141
141,45
45,141
141,46
46,141
141,54
54,141
141,58
58,141
141,62
62,141
141,63
63,141
141,66
66,141
141,73
73,141
141,75
75,141
141,85
85,141
141,93
93,141
141,98
98,141
141,99
99,141
141,100
100,141
141,116
116,141
141,119
119,141
141,129
129,141
141,137
137,141
141,146
146,141
141,147
147,141
141,154
154,141
141,157
157,141
141,167
167,141
141,179
179,141
141,192
192,141
141,211
211,141
141,214
214,141
142,27
27,142
142,29
29,142
142,31
31,142
142,45
45,142
142,48
48,142
142,49
49,142
142,52
52,142
142,54
54,142
142,62
62,142
142,66
66,142
142,73
73,142
142,88
88,142
142,90
90,142
142,92
92,142
142,98
98,142
142,129
129,142
142,150
150,142
142,151
151,142
142,165
165,142
142,166
166,142
142,167
167,142
142,171
171,142
142,178
178,142
142,181
181,142
142,208
208,142
142,211
211,142
142,214
214,142
143,6
6,143
143,7
7,143
143,11
11,143
143,13
13,143
143,19
19,143
143,29
29,143
143,50
50,143
143,57
57,143
143,76
76,143
143,104
104,143
143,106
106,143
143,112
112,143
143,117
117,143
143,128
128,143
143,129
129,143
143,135
135,143
143,173
173,143
143,185
185,143
143,189
189,143
143,200
200,143
143,202
202,143
143,210
210,143
143,212
212,143
144,19
19,144
144,29
29,144
144,45
45,144
144,61
61,144
144,88
88,144
144,100
100,144
144,112
112,144
144,129
129,144
144,145
145,144
144,156
156,144
144,177
177,144
144,203
203,144
145,11
11,145
145,19
19,145
145,25
25,145
145,29
29,145
145,45
45,145
145,100
100,145
145,129
129,145
145,144
144,145
145,156
156,145
145,203
203,145
146,4
4,146
146,5
5,146
146,14
14,146
146,15
15,146
146,18
18,146
146,22
22,146
146,25
25,146
146,27
27,146
146,29
29,146
146,31
31,146
146,41
41,146
146,45
45,146
146,46
46,146
146,48
48,146
146,54
54,146
146,63
63,146
146,66
66,146
146,68
68,146
146,71
71,146
146,73
73,146
146,77
77,146
146,82
82,146
146,85
85,146
146,88
88,146
146,90
90,146
146,92
92,146
146,99
99,146
146,100
100,146
146,114
114,146
146,115
115,146
146,129
129,146
146,133
133,146
146,137
137,146
146,141
141,146
146,149
149,146
146,151
151,146
146,154
154,146
146,157
157,146
146,160
160,146
146,167
167,146
146,168
168,146
146,169
169,146
146,171
171,146
146,178
178,146
146,191
191,146
146,192
192,146
146,196
196,146
146,198
198,146
146,208
208,146
146,214
214,146
146,215
215,146
146,216
216,146
146,221
221,146
146,222
222,146
147,4
4,147
147,5
5,147
147,15
15,147
147,18
18,147
147,20
20,147
147,28
28,147
147,41
41,147
147,45
45,147
147,46
46,147
147,52
52,147
147,54
54,147
147,56
56,147
147,58
58,147
147,62
62,147
147,63
63,147
147,66
66,147
147,70
70,147
147,71
71,147
147,73
73,147
147,75
75,147
147,84
84,147
147,85
85,147
147,92
92,147
147,94
94,147
147,99
99,147
147,105
105,147
147,110
110,147
147,116
116,147
147,119
119,147
147,133
133,147
147,137
137,147
147,138
138,147
147,141
141,147
147,148
148,147
147,151
151,147
147,154
154,147
147,157
157,147
147,161
161,147
147,165
165,147
147,166
166,147
147,168
168,147
147,171
171,147
147,179
179,147
147,180
180,147
147,190
190,147
147,191
191,147
147,192
192,147
147,193
193,147
147,199
199,147
147,211
211,147
147,212
212,147
147,214
214,147
147,215
215,147
147,216
216,147
147,221
221,147
148,4
4,148
148,20
20,148
148,28
28,148
148,52
52,148
148,58
58,148
148,63
63,148
148,66
66,148
148,70
70,148
148,110
110,148
148,116
116,148
148,137
137,148
148,138
138,148
148,147
147,148
148,151
151,148
148,157
157,148
148,171
171,148
148,180
180,148
148,190
190,148
148,191
191,148
148,192
192,148
148,214
214,148
148,216
216,148
149,12
12,149
149,14
14,149
149,31
31,149
149,49
49,149
149,56
56,149
149,69
69,149
149,71
71,149
149,92
92,149
149,98
98,149
149,99
99,149
149,110
110,149
149,114
114,149
149,119
119,149
149,127
127,149
149,146
146,149
149,161
161,149
149,168
168,149
149,174
174,149
149,196
196,149
149,198
198,149
149,213
213,149
149,225
225,149
150,5
5,150
150,18
18,150
150,25
25,150
150,27
27,150
150,29
29,150
150,31
31,150
150,41
41,150
150,58
58,150
150,66
66,150
150,68
68,150
150,81
81,150
150,88
88,150
150,90
90,150
150,92
92,150
150,94
94,150
150,110
110,150
150,112
112,150
150,129
129,150
150,132
132,150
150,136
136,150
150,137
137,150
150,142
142,150
150,151
151,150
150,160
160,150
150,161
161,150
150,162
162,150
150,167
167,150
150,168
168,150
150,169
169,150
150,171
171,150
150,177
177,150
150,208
208,150
150,220
220,150
150,221
221,150
151,2
2,151
151,5
5,151
151,6
6,151
151,7
7,151
151,12
12,151
151,15
15,151
151,18
18,151
151,20
20,151
151,22
22,151
151,25
25,151
151,27
27,151
151,29
29,151
151,31
31,151
151,41
41,151
151,42
42,151
151,45
45,151
151,46
46,151
151,49
49,151
151,52
52,151
151,54
54,151
151,56
56,151
151,57
57,151
151,63
63,151
151,70
70,151
151,71
71,151
151,72
72,151
151,76
76,151
151,77
77,151
151,82
82,151
151,84
84,151
151,85
85,151
151,86
86,151
151,88
88,151
151,89
89,151
151,90
90,151
151,92
92,151
151,104
104,151
151,106
106,151
151,109
109,151
151,110
110,151
151,112
112,151
151,114
114,151
151,115
115,151
151,123
123,151
151,129
129,151
151,136
136,151
151,137
137,151
151,138
138,151
151,142
142,151
151,146
146,151
151,147
147,151
151,148
148,151
151,150
150,151
151,154
154,151
151,157
157,151
151,160
160,151
151,161
161,151
151,164
164,151
151,167
167,151
151,169
169,151
151,171
171,151
151,174
174,151
151,177
177,151
151,178
178,151
151,179
179,151
151,180
180,151
151,181
181,151
151,191
191,151
151,192
192,151
151,196
196,151
151,198
198,151
151,199
199,151
151,200
200,151
151,210
210,151
151,212
212,151
151,214
214,151
151,215
215,151
151,216
216,151
151,220
220,151
151,221
221,151
151,222
222,151
151,225
225,151
152,25
25,152
152,65
65,152
152,91
91,152
152,107
107,152
152,186
186,152
153,91
91,153
153,186
186,153
154,5
5,154
154,6
6,154
154,7
7,154
154,13
13,154
154,15
15,154
154,20
20,154
154,25
25,154
154,27
27,154
154,29
29,154
154,31
31,154
154,35
35,154
154,41
41,154
154,45
45,154
154,46
46,154
154,50
50,154
154,54
54,154
154,56
56,154
154,58
58,154
154,62
62,154
154,63
63,154
154,64
64,154
154,66
66,154
154,68
68,154
154,70
70,154
154,71
71,154
154,75
75,154
154,77
77,154
154,82
82,154
154,85
85,154
154,92
92,154
154,93
93,154
154,98
98,154
154,99
99,154
154,104
104,154
154,106
106,154
154,109
109,154
154,117
117,154
154,119
119,154
154,128
128,154
154,129
129,154
154,137
137,154
154,138
138,154
154,141
141,154
154,146
146,154
154,147
147,154
154,151
151,154
154,157
157,154
154,160
160,154
154,161
161,154
154,167
167,154
154,168
168,154
154,171
171,154
154,173
173,154
154,174
174,154
154,175
175,154
154,178
178,154
154,179
179,154
154,181
181,154
154,185
185,154
154,191
191,154
154,192
192,154
154,196
196,154
154,200
200,154
154,202
202,154
154,203
203,154
154,208
208,154
154,210
210,154
154,211
211,154
154,212
212,154
154,215
215,154
154,218
218,154
154,220
220,154
154,221
221,154
155,16
16,155
155,44
44,155
155,47
47,155
155,53
53,155
155,95
95,155
155,130
130,155
155,219
219,155
156,19
19,156
156,25
25,156
156,29
29,156
156,31
31,156
156,45
45,156
156,129
129,156
156,144
144,156
156,145
145,156
156,193
193,156
156,203
203,156
157,4
4,157
157,5
5,157
157,18
18,157
157,20
20,157
157,28
28,157
157,40
40,157
157,41
41,157
157,45
45,157
157,46
46,157
157,48
48,157
157,52
52,157
157,54
54,157
157,58
58,157
157,62
62,157
157,63
63,157
157,66
66,157
157,70
70,157
157,71
71,157
157,73
73,157
157,77
77,157
157,84
84,157
157,85
85,157
157,92
92,157
157,98
98,157
157,105
105,157
157,110
110,157
157,119
119,157
157,127
127,157
157,133
133,157
157,137
137,157
157,138
138,157
157,141
141,157
157,146
146,157
157,147
147,157
157,148
148,157
157,151
151,157
157,154
154,157
157,165
165,157
157,167
167,157
157,168
168,157
157,171
171,157
157,178
178,157
157,179
179,157
157,180
180,157
157,181
181,157
157,191
191,157
157,192
192,157
157,193
193,157
157,196
196,157
157,208
208,157
157,211
211,157
157,212
212,157
157,214
214,157
157,215
215,157
157,216
216,157
157,221
221,157
157,222
222,157
158,2
2,158
158,19
19,158
158,27
27,158
158,51
51,158
158,61
61,158
158,66
66,158
158,72
72,158
158,75
75,158
158,76
76,158
158,80
80,158
158,83
83,158
158,86
86,158
158,87
87,158
158,98
98,158
158,103
103,158
158,109
109,158
158,117
117,158
158,120
120,158
158,135
135,158
158,160
160,158
158,161
161,158
158,164
164,158
158,167
167,158
158,168
168,158
158,175
175,158
158,176
176,158
158,182
182,158
158,183
183,158
158,185
185,158
158,193
193,158
158,195
195,158
158,197
197,158
158,198
198,158
158,200
200,158
158,202
202,158
158,203
203,158
158,208
208,158
158,210
210,158
158,217
217,158
158,218
218,158
158,225
225,158
158,226
226,158
159,9
9,159
159,33
33,159
159,42
42,159
159,73
73,159
159,78
78,159
159,111
111,159
159,123
123,159
159,140
140,159
159,163
163,159
159,170
170,159
159,206
206,159
159,209
209,159
160,12
12,160
160,15
15,160
160,22
22,160
160,25
25,160
160,27
27,160
160,29
29,160
160,31
31,160
160,40
40,160
160,45
45,160
160,46
46,160
160,49
49,160
160,51
51,160
160,54
54,160
160,56
56,160
160,58
58,160
160,66
66,160
160,68
68,160
160,71
71,160
160,72
72,160
160,74
74,160
160,77
77,160
160,82
82,160
160,85
85,160
160,86
86,160
160,88
88,160
160,90
90,160
160,92
92,160
160,93
93,160
160,98
98,160
160,105
105,160
160,106
106,160
160,109
109,160
160,110
110,160
160,114
114,160
160,115
115,160
160,119
119,160
160,129
129,160
160,136
136,160
160,137
137,160
160,138
138,160
160,146
146,160
160,150
150,160
160,151
151,160
160,154
154,160
160,158
158,160
160,161
161,160
160,162
162,160
160,167
167,160
160,168
168,160
160,171
171,160
160,173
173,160
160,174
174,160
160,175
175,160
160,177
177,160
160,178
178,160
160,179
179,160
160,181
181,160
160,191
191,160
160,198
198,160
160,199
199,160
160,208
208,160
160,212
212,160
160,214
214,160
160,216
216,160
160,218
218,160
160,221
221,160
161,6
6,161
161,12
12,161
161,15
15,161
161,22
22,161
161,25
25,161
161,27
27,161
161,29
29,161
161,38
38,161
161,40
40,161
161,41
41,161
161,49
49,161
161,51
51,161
161,56
56,161
161,66
66,161
161,71
71,161
161,74
74,161
161,82
82,161
161,85
85,161
161,86
86,161
161,90
90,161
161,92
92,161
161,93
93,161
161,98
98,161
161,103
103,161
161,105
105,161
161,106
106,161
161,112
112,161
161,114
114,161
161,115
115,161
161,117
117,161
161,119
119,161
161,124
124,161
161,125
125,161
161,129
129,161
161,136
136,161
161,137
137,161
161,147
147,161
161,149
149,161
161,150
150,161
161,151
151,161
161,154
154,161
161,158
158,161
161,160
160,161
161,164
164,161
161,167
167,161
161,168
168,161
161,169
169,161
161,171
171,161
161,174
174,161
161,177
177,161
161,178
178,161
161,179
179,161
161,180
180,161
161,198
198,161
161,199
199,161
161,208
208,161
161,211
211,161
161,212
212,161
161,214
214,161
161,216
216,161
161,218
218,161
161,220
220,161
161,221
221,161
161,225
225,161
162,1
1,162
162,56
56,162
162,71
71,162
162,82
82,162
162,94
94,162
162,114
114,162
162,132
132,162
162,150
150,162
162,160
160,162
162,174
174,162
162,188
188,162
162,195
195,162
162,196
196,162
162,198
198,162
162,218
218,162
163,9
9,163
163,21
21,163
163,33
33,163
163,34
34,163
163,42
42,163
163,51
51,163
163,78
78,163
163,111
111,163
163,140
140,163
163,159
159,163
163,170
170,163
163,172
172,163
163,206
206,163
163,209
209,163
164,6
6,164
164,7
7,164
164,12
12,164
164,27
27,164
164,50
50,164
164,51
51,164
164,57
57,164
164,61
61,164
164,72
72,164
164,80
80,164
164,86
86,164
164,87
87,164
164,106
106,164
164,109
109,164
164,112
112,164
164,151
151,164
164,158
158,164
164,161
161,164
164,167
167,164
164,175
175,164
164,182
182,164
164,187
187,164
164,208
208,164
164,210
210,164
164,218
218,164
165,29
29,165
165,48
48,165
165,49
49,165
165,52
52,165
165,54
54,165
165,58
58,165
165,62
62,165
165,71
71,165
165,82
82,165
165,85
85,165
165,90
90,165
165,92
92,165
165,110
110,165
165,119
119,165
165,133
133,165
165,138
138,165
165,142
142,165
165,147
147,165
165,157
157,165
165,166
166,165
165,171
171,165
165,179
179,165
165,190
190,165
165,192
192,165
165,199
199,165
165,211
211,165
165,214
214,165
165,216
216,165
165,221
221,165
166,45
45,166
166,48
48,166
166,49
49,166
166,52
52,166
166,54
54,166
166,58
58,166
166,62
62,166
166,63
63,166
166,66
66,166
166,82
82,166
166,85
85,166
166,110
110,166
166,116
116,166
166,133
133,166
166,142
142,166
166,147
147,166
166,165
165,166
166,167
167,166
166,169
169,166
166,171
171,166
166,179
179,166
166,180
180,166
166,190
190,166
166,192
192,166
166,199
199,166
166,211
211,166
166,215
215,166
166,216
216,166
167,5
5,167
167,12
12,167
167,17
17,167
167,18
18,167
167,25
25,167
167,27
27,167
167,29
29,167
167,31
31,167
167,40
40,167
167,41
41,167
167,45
45,167
167,48
48,167
167,49
49,167
167,51
51,167
167,54
54,167
167,56
56,167
167,59
59,167
167,61
61,167
167,62
62,167
167,66
66,167
167,68
68,167
167,71
71,167
167,73
73,167
167,74
74,167
167,77
77,167
167,80
80,167
167,82
82,167
167,85
85,167
167,86
86,167
167,90
90,167
167,92
92,167
167,93
93,167
167,98
98,167
167,105
105,167
167,106
106,167
167,110
110,167
167,115
115,167
167,119
119,167
167,125
125,167
167,129
129,167
167,133
133,167
167,137
137,167
167,138
138,167
167,141
141,167
167,142
142,167
167,146
146,167
167,150
150,167
167,151
151,167
167,154
154,167
167,157
157,167
167,158
158,167
167,160
160,167
167,161
161,167
167,164
164,167
167,166
166,167
167,168
168,167
167,169
169,167
167,171
171,167
167,174
174,167
167,177
177,167
167,178
178,167
167,179
179,167
167,181
181,167
167,191
191,167
167,196
196,167
167,198
198,167
167,208
208,167
167,212
212,167
167,214
214,167
167,216
216,167
167,218
218,167
167,221
221,167
167,222
222,167
168,5
5,168
168,12
12,168
168,15
15,168
168,18
18,168
168,22
22,168
168,25
25,168
168,27
27,168
168,29
29,168
168,31
31,168
168,40
40,168
168,45
45,168
168,46
46,168
168,49
49,168
168,51
51,168
168,54
54,168
168,56
56,168
168,62
62,168
168,68
68,168
168,71
71,168
168,72
72,168
168,74
74,168
168,82
82,168
168,84
84,168
168,85
85,168
168,86
86,168
168,92
92,168
168,93
93,168
168,105
105,168
168,112
112,168
168,114
114,168
168,125
125,168
168,129
129,168
168,137
137,168
168,138
138,168
168,146
146,168
168,147
147,168
168,149
149,168
168,150
150,168
168,154
154,168
168,157
157,168
168,158
158,168
168,160
160,168
168,161
161,168
168,167
167,168
168,171
171,168
168,174
174,168
168,178
178,168
168,179
179,168
168,181
181,168
168,191
191,168
168,192
192,168
168,195
195,168
168,198
198,168
168,203
203,168
168,214
214,168
168,216
216,168
168,221
221,168
168,224
224,168
168,225
225,168
169,5
5,169
169,7
7,169
169,15
15,169
169,18
18,169
169,22
22,169
169,25
25,169
169,27
27,169
169,29
29,169
169,31
31,169
169,45
45,169
169,46
46,169
169,48
48,169
169,49
49,169
169,54
54,169
169,56
56,169
169,57
57,169
169,58
58,169
169,63
63,169
169,66
66,169
169,68
68,169
169,71
71,169
169,82
82,169
169,85
85,169
169,88
88,169
169,100
100,169
169,112
112,169
169,114
114,169
169,119
119,169
169,125
125,169
169,127
127,169
169,129
129,169
169,133
133,169
169,136
136,169
169,137
137,169
169,138
138,169
169,146
146,169
169,150
150,169
169,151
151,169
169,161
161,169
169,166
166,169
169,167
167,169
169,171
171,169
169,173
173,169
169,178
178,169
169,179
179,169
169,181
181,169
169,199
199,169
169,203
203,169
169,208
208,169
169,210
210,169
169,212
212,169
169,214
214,169
169,221
221,169
170,9
9,170
170,21
21,170
170,33
33,170
170,34
34,170
170,42
42,170
170,51
51,170
170,73
73,170
170,78
78,170
170,111
111,170
170,113
113,170
170,123
123,170
170,131
131,170
170,140
140,170
170,159
159,170
170,163
163,170
170,172
172,170
170,206
206,170
170,209
209,170
170,218
218,170
171,4
4,171
171,5
5,171
171,15
15,171
171,18
18,171
171,20
20,171
171,25
25,171
171,27
27,171
171,29
29,171
171,31
31,171
171,40
40,171
171,45
45,171
171,48
48,171
171,49
49,171
171,52
52,171
171,54
54,171
171,56
56,171
171,62
62,171
171,63
63,171
171,66
66,171
171,71
71,171
171,73
73,171
171,77
77,171
171,82
82,171
171,85
85,171
171,88
88,171
171,90
90,171
171,92
92,171
171,93
93,171
171,98
98,171
171,100
100,171
171,110
110,171
171,114
114,171
171,115
115,171
171,116
116,171
171,117
117,171
171,119
119,171
171,129
129,171
171,133
133,171
171,136
136,171
171,137
137,171
171,138
138,171
171,142
142,171
171,146
146,171
171,147
147,171
171,148
148,171
171,150
150,171
171,151
151,171
171,154
154,171
171,157
157,171
171,160
160,171
171,161
161,171
171,165
165,171
171,166
166,171
171,167
167,171
171,168
168,171
171,169
169,171
171,174
174,171
171,178
178,171
171,179
179,171
171,180
180,171
171,181
181,171
171,190
190,171
171,191
191,171
171,192
192,171
171,198
198,171
171,199
199,171
171,208
208,171
171,211
211,171
171,214
214,171
171,216
216,171
171,221
221,171
172,9
9,172
172,21
21,172
172,33
33,172
172,42
42,172
172,51
51,172
172,73
73,172
172,78
78,172
172,89
89,172
172,111
111,172
172,113
113,172
172,123
123,172
172,131
131,172
172,139
139,172
172,163
163,172
172,170
170,172
172,206
206,172
172,209
209,172
172,218
218,172
173,2
2,173
173,6
6,173
173,7
7,173
173,13
13,173
173,19
19,173
173,29
29,173
173,50
50,173
173,57
57,173
173,104
104,173
173,106
106,173
173,117
117,173
173,124
124,173
173,129
129,173
173,135
135,173
173,143
143,173
173,154
154,173
173,160
160,173
173,169
169,173
173,185
185,173
173,200
200,173
173,202
202,173
173,203
203,173
173,210
210,173
173,212
212,173
174,5
5,174
174,12
12,174
174,17
17,174
174,18
18,174
174,22
22,174
174,25
25,174
174,27
27,174
174,29
29,174
174,40
40,174
174,48
48,174
174,49
49,174
174,56
56,174
174,62
62,174
174,66
66,174
174,69
69,174
174,71
71,174
174,76
76,174
174,79
79,174
174,82
82,174
174,92
92,174
174,93
93,174
174,98
98,174
174,99
99,174
174,110
110,174
174,114
114,174
174,115
115,174
174,133
133,174
174,137
137,174
174,138
138,174
174,149
149,174
174,151
151,174
174,154
154,174
174,160
160,174
174,161
161,174
174,162
162,174
174,167
167,174
174,168
168,174
174,171
171,174
174,177
177,174
174,178
178,174
174,181
181,174
174,196
196,174
174,198
198,174
174,199
199,174
174,208
208,174
174,216
216,174
174,218
218,174
174,222
222,174
174,225
225,174
175,15
15,175
175,20
20,175
175,27
27,175
175,63
63,175
175,86
86,175
175,92
92,175
175,106
106,175
175,114
114,175
175,129
129,175
175,154
154,175
175,158
158,175
175,160
160,175
175,164
164,175
175,198
198,175
176,83
83,176
176,109
109,176
176,120
120,176
176,135
135,176
176,158
158,176
176,183
183,176
176,185
185,176
176,193
193,176
176,200
200,176
176,223
223,176
177,12
12,177
177,22
22,177
177,25
25,177
177,27
27,177
177,29
29,177
177,40
40,177
177,41
41,177
177,49
49,177
177,51
51,177
177,56
56,177
177,66
66,177
177,71
71,177
177,72
72,177
177,76
76,177
177,77
77,177
177,79
79,177
177,82
82,177
177,88
88,177
177,90
90,177
177,92
92,177
177,93
93,177
177,96
96,177
177,98
98,177
177,110
110,177
177,114
114,177
177,115
115,177
177,129
129,177
177,144
144,177
177,150
150,177
177,151
151,177
177,160
160,177
177,161
161,177
177,167
167,177
177,174
174,177
177,178
178,177
177,188
188,177
177,198
198,177
177,199
199,177
177,208
208,177
177,216
216,177
177,218
218,177
177,225
225,177
178,5
5,178
178,12
12,178
178,15
15,178
178,18
18,178
178,22
22,178
178,25
25,178
178,27
27,178
178,29
29,178
178,31
31,178
178,38
38,178
178,40
40,178
178,45
45,178
178,49
49,178
178,54
54,178
178,56
56,178
178,62
62,178
178,66
66,178
178,68
68,178
178,71
71,178
178,74
74,178
178,77
77,178
178,80
80,178
178,82
82,178
178,90
90,178
178,92
92,178
178,110
110,178
178,114
114,178
178,115
115,178
178,117
117,178
178,119
119,178
178,125
125,178
178,129
129,178
178,137
137,178
178,142
142,178
178,146
146,178
178,151
151,178
178,154
154,178
178,157
157,178
178,160
160,178
178,161
161,178
178,167
167,178
178,168
168,178
178,169
169,178
178,171
171,178
178,174
174,178
178,177
177,178
178,179
179,178
178,181
181,178
178,196
196,178
178,198
198,178
178,208
208,178
178,214
214,178
178,216
216,178
178,220
220,178
178,221
221,178
178,222
222,178
179,4
4,179
179,15
15,179
179,19
19,179
179,20
20,179
179,22
22,179
179,25
25,179
179,27
27,179
179,28
28,179
179,29
29,179
179,40
40,179
179,45
45,179
179,46
46,179
179,49
49,179
179,52
52,179
179,54
54,179
179,58
58,179
179,62
62,179
179,63
63,179
179,66
66,179
179,73
73,179
179,77
77,179
179,80
80,179
179,82
82,179
179,84
84,179
179,85
85,179
179,86
86,179
179,90
90,179
179,92
92,179
179,93
93,179
179,94
94,179
179,110
110,179
179,115
115,179
179,116
116,179
179,119
119,179
179,127
127,179
179,129
129,179
179,133
133,179
179,136
136,179
179,137
137,179
179,138
138,179
179,141
141,179
179,147
147,179
179,151
151,179
179,154
154,179
179,157
157,179
179,160
160,179
179,161
161,179
179,165
165,179
179,166
166,179
179,167
167,179
179,168
168,179
179,169
169,179
179,171
171,179
179,178
178,179
179,180
180,179
179,181
181,179
179,190
190,179
179,191
191,179
179,192
192,179
179,196
196,179
179,198
198,179
179,199
199,179
179,203
203,179
179,214
214,179
179,216
216,179
179,218
218,179
179,221
221,179
179,222
222,179
180,5
5,180
180,15
15,180
180,18
18,180
180,20
20,180
180,27
27,180
180,28
28,180
180,29
29,180
180,52
52,180
180,58
58,180
180,62
62,180
180,63
63,180
180,66
66,180
180,73
73,180
180,82
82,180
180,84
84,180
180,119
119,180
180,137
137,180
180,138
138,180
180,147
147,180
180,148
148,180
180,151
151,180
180,157
157,180
180,161
161,180
180,166
166,180
180,171
171,180
180,179
179,180
180,192
192,180
180,208
208,180
180,214
214,180
180,216
216,180
180,221
221,180
181,2
2,181
181,15
15,181
181,20
20,181
181,22
22,181
181,25
25,181
181,27
27,181
181,29
29,181
181,31
31,181
181,45
45,181
181,46
46,181
181,49
49,181
181,52
52,181
181,66
66,181
181,71
71,181
181,73
73,181
181,77
77,181
181,85
85,181
181,86
86,181
181,90
90,181
181,93
93,181
181,110
110,181
181,115
115,181
181,127
127,181
181,129
129,181
181,133
133,181
181,137
137,181
181,138
138,181
181,142
142,181
181,151
151,181
181,154
154,181
181,157
157,181
181,160
160,181
181,167
167,181
181,168
168,181
181,169
169,181
181,171
171,181
181,174
174,181
181,178
178,181
181,179
179,181
181,192
192,181
181,196
196,181
181,208
208,181
181,214
214,181
181,216
216,181
181,222
222,181
182,2
2,182
182,7
7,182
182,25
25,182
182,61
61,182
182,66
66,182
182,87
87,182
182,109
109,182
182,158
158,182
182,164
164,182
182,197
197,182
182,208
208,182
182,218
218,182
183,66
66,183
183,83
83,183
183,109
109,183
183,120
120,183
183,158
158,183
183,176
176,183
183,185
185,183
183,193
193,183
184,11
11,184
184,13
13,184
184,24
24,184
185,2
2,185
185,6
6,185
185,7
7,185
185,11
11,185
185,13
13,185
185,24
24,185
185,29
29,185
185,35
35,185
185,50
50,185
185,51
51,185
185,59
59,185
185,80
80,185
185,83
83,185
185,96
96,185
185,98
98,185
185,104
104,185
185,106
106,185
185,109
109,185
185,117
117,185
185,120
120,185
185,124
124,185
185,128
128,185
185,129
129,185
185,135
135,185
185,143
143,185
185,154
154,185
185,158
158,185
185,173
173,185
185,176
176,185
185,183
183,185
185,193
193,185
185,197
197,185
185,200
200,185
185,202
202,185
185,210
210,185
185,212
212,185
185,218
218,185
185,223
223,185
185,225
225,185
186,32
32,186
186,39
39,186
186,60
60,186
186,91
91,186
186,116
116,186
186,121
121,186
186,152
152,186
186,153
153,186
186,227
227,186
187,61
61,187
187,66
66,187
187,87
87,187
187,126
126,187
187,164
164,187
188,1
1,188
188,79
79,188
188,88
88,188
188,132
132,188
188,162
162,188
188,177
177,188
188,218
218,188
189,14
14,189
189,27
27,189
189,67
67,189
189,69
69,189
189,99
99,189
189,114
114,189
189,117
117,189
189,119
119,189
189,127
127,189
189,137
137,189
189,143
143,189
190,4
4,190
190,20
20,190
190,49
49,190
190,52
52,190
190,58
58,190
190,62
62,190
190,63
63,190
190,73
73,190
190,85
85,190
190,116
116,190
190,133
133,190
190,138
138,190
190,147
147,190
190,148
148,190
190,165
165,190
190,166
166,190
190,171
171,190
190,179
179,190
190,192
192,190
190,199
199,190
190,216
216,190
191,5
5,191
191,41
41,191
191,46
46,191
191,49
49,191
191,54
54,191
191,58
58,191
191,62
62,191
191,66
66,191
191,70
70,191
191,71
71,191
191,73
73,191
191,74
74,191
191,77
77,191
191,84
84,191
191,85
85,191
191,110
110,191
191,119
119,191
191,125
125,191
191,137
137,191
191,138
138,191
191,146
146,191
191,147
147,191
191,148
148,191
191,151
151,191
191,154
154,191
191,157
157,191
191,160
160,191
191,167
167,191
191,168
168,191
191,171
171,191
191,179
179,191
191,192
192,191
191,199
199,191
191,214
214,191
191,215
215,191
191,216
216,191
191,221
221,191
191,222
222,191
191,224
224,191
192,4
4,192
192,5
5,192
192,15
15,192
192,18
18,192
192,20
20,192
192,28
28,192
192,29
29,192
192,46
46,192
192,48
48,192
192,49
49,192
192,52
52,192
192,54
54,192
192,58
58,192
192,62
62,192
192,63
63,192
192,66
66,192
192,71
71,192
192,73
73,192
192,77
77,192
192,85
85,192
192,93
93,192
192,94
94,192
192,98
98,192
192,110
110,192
192,116
116,192
192,119
119,192
192,133
133,192
192,137
137,192
192,138
138,192
192,141
141,192
192,146
146,192
192,147
147,192
192,148
148,192
192,151
151,192
192,154
154,192
192,157
157,192
192,165
165,192
192,166
166,192
192,168
168,192
192,171
171,192
192,179
179,192
192,180
180,192
192,181
181,192
192,190
190,192
192,191
191,192
192,196
196,192
192,199
199,192
192,214
214,192
192,215
215,192
192,216
216,192
192,221
221,192
193,18
18,193
193,24
24,193
193,43
43,193
193,45
45,193
193,54
54,193
193,83
83,193
193,100
100,193
193,104
104,193
193,109
109,193
193,120
120,193
193,127
127,193
193,135
135,193
193,147
147,193
193,156
156,193
193,157
157,193
193,158
158,193
193,176
176,193
193,183
183,193
193,185
185,193
193,215
215,193
193,223
223,193
194,5
5,194
194,22
22,194
194,73
73,194
194,123
123,194
194,134
134,194
194,214
214,194
194,215
215,194
195,51
51,195
195,84
84,195
195,86
86,195
195,109
109,195
195,158
158,195
195,162
162,195
195,168
168,195
195,218
218,195
195,223
223,195
196,4
4,196
196,5
5,196
196,12
12,196
196,14
14,196
196,15
15,196
196,18
18,196
196,22
22,196
196,23
23,196
196,25
25,196
196,29
29,196
196,31
31,196
196,46
46,196
196,48
48,196
196,49
49,196
196,54
54,196
196,56
56,196
196,58
58,196
196,63
63,196
196,66
66,196
196,67
67,196
196,68
68,196
196,69
69,196
196,71
71,196
196,82
82,196
196,90
90,196
196,93
93,196
196,99
99,196
196,114
114,196
196,115
115,196
196,117
117,196
196,119
119,196
196,127
127,196
196,129
129,196
196,133
133,196
196,137
137,196
196,146
146,196
196,149
149,196
196,151
151,196
196,154
154,196
196,157
157,196
196,162
162,196
196,167
167,196
196,174
174,196
196,178
178,196
196,179
179,196
196,181
181,196
196,192
192,196
196,208
208,196
196,211
211,196
196,214
214,196
196,215
215,196
196,216
216,196
196,222
222,196
197,2
2,197
197,7
7,197
197,12
12,197
197,24
24,197
197,51
51,197
197,56
56,197
197,61
61,197
197,75
75,197
197,103
103,197
197,109
109,197
197,114
114,197
197,134
134,197
197,158
158,197
197,182
182,197
197,185
185,197
197,199
199,197
197,200
200,197
197,213
213,197
197,218
218,197
197,225
225,197
198,5
5,198
198,12
12,198
198,15
15,198
198,18
18,198
198,22
22,198
198,25
25,198
198,27
27,198
198,29
29,198
198,31
31,198
198,40
40,198
198,41
41,198
198,45
45,198
198,48
48,198
198,49
49,198
198,51
51,198
198,54
54,198
198,56
56,198
198,66
66,198
198,68
68,198
198,71
71,198
198,72
72,198
198,73
73,198
198,80
80,198
198,82
82,198
198,86
86,198
198,93
93,198
198,96
96,198
198,98
98,198
198,105
105,198
198,106
106,198
198,114
114,198
198,115
115,198
198,119
119,198
198,129
129,198
198,137
137,198
198,138
138,198
198,146
146,198
198,149
149,198
198,151
151,198
198,158
158,198
198,160
160,198
198,161
161,198
198,162
162,198
198,167
167,198
198,168
168,198
198,171
171,198
198,174
174,198
198,175
175,198
198,177
177,198
198,178
178,198
198,179
179,198
198,199
199,198
198,208
208,198
198,211
211,198
198,212
212,198
198,214
214,198
198,216
216,198
198,218
218,198
198,221
221,198
198,225
225,198
199,24
24,199
199,25
25,199
199,27
27,199
199,29
29,199
199,49
49,199
199,52
52,199
199,56
56,199
199,58
58,199
199,62
62,199
199,69
69,199
199,71
71,199
199,75
75,199
199,76
76,199
199,82
82,199
199,85
85,199
199,86
86,199
199,98
98,199
199,110
110,199
199,112
112,199
199,114
114,199
199,129
129,199
199,133
133,199
199,147
147,199
199,151
151,199
199,160
160,199
199,161
161,199
199,165
165,199
199,166
166,199
199,169
169,199
199,171
171,199
199,174
174,199
199,177
177,199
199,179
179,199
199,190
190,199
199,191
191,199
199,192
192,199
199,197
197,199
199,198
198,199
199,208
208,199
199,213
213,199
199,214
214,199
199,216
216,199
199,218
218,199
199,221
221,199
199,225
225,199
200,2
2,200
200,7
7,200
200,11
11,200
200,19
19,200
200,25
25,200
200,29
29,200
200,50
50,200
200,51
51,200
200,57
57,200
200,76
76,200
200,80
80,200
200,86
86,200
200,92
92,200
200,106
106,200
200,109
109,200
200,128
128,200
200,129
129,200
200,143
143,200
200,151
151,200
200,154
154,200
200,158
158,200
200,173
173,200
200,176
176,200
200,185
185,200
200,197
197,200
200,202
202,200
200,210
210,200
200,212
212,200
200,218
218,200
201,26
26,201
201,68
68,201
201,81
81,201
201,118
118,201
201,204
204,201
202,6
6,202
202,7
7,202
202,11
11,202
202,13
13,202
202,19
19,202
202,24
24,202
202,29
29,202
202,35
35,202
202,50
50,202
202,57
57,202
202,64
64,202
202,66
66,202
202,72
72,202
202,76
76,202
202,104
104,202
202,106
106,202
202,114
114,202
202,117
117,202
202,124
124,202
202,128
128,202
202,129
129,202
202,135
135,202
202,143
143,202
202,154
154,202
202,158
158,202
202,173
173,202
202,185
185,202
202,200
200,202
202,203
203,202
202,210
210,202
202,212
212,202
203,7
7,203
203,12
12,203
203,18
18,203
203,19
19,203
203,22
22,203
203,25
25,203
203,29
29,203
203,41
41,203
203,45
45,203
203,50
50,203
203,64
64,203
203,66
66,203
203,92
92,203
203,100
100,203
203,104
104,203
203,115
115,203
203,128
128,203
203,129
129,203
203,136
136,203
203,144
144,203
203,145
145,203
203,154
154,203
203,156
156,203
203,158
158,203
203,168
168,203
203,169
169,203
203,173
173,203
203,179
179,203
203,202
202,203
203,210
210,203
203,211
211,203
204,44
44,204
204,66
66,204
204,81
81,204
204,82
82,204
204,201
201,204
204,218
218,204
205,205
206,9
9,206
206,21
21,206
206,34
34,206
206,42
42,206
206,73
73,206
206,78
78,206
206,89
89,206
206,111
111,206
206,113
113,206
206,123
123,206
206,140
140,206
206,159
159,206
206,163
163,206
206,170
170,206
206,172
172,206
206,209
209,206
207,2
2,207
207,37
37,207
207,118
118,207
208,7
7,208
208,12
12,208
208,15
15,208
208,18
18,208
208,19
19,208
208,20
20,208
208,22
22,208
208,25
25,208
208,27
27,208
208,29
29,208
208,31
31,208
208,45
45,208
208,46
46,208
208,49
49,208
208,54
54,208
208,56
56,208
208,57
57,208
208,68
68,208
208,71
71,208
208,72
72,208
208,74
74,208
208,76
76,208
208,77
77,208
208,79
79,208
208,82
82,208
208,84
84,208
208,86
86,208
208,90
90,208
208,92
92,208
208,93
93,208
208,105
105,208
208,106
106,208
208,109
109,208
208,110
110,208
208,112
112,208
208,114
114,208
208,115
115,208
208,123
123,208
208,125
125,208
208,129
129,208
208,136
136,208
208,137
137,208
208,142
142,208
208,146
146,208
208,150
150,208
208,154
154,208
208,157
157,208
208,158
158,208
208,160
160,208
208,161
161,208
208,164
164,208
208,167
167,208
208,169
169,208
208,171
171,208
208,174
174,208
208,177
177,208
208,178
178,208
208,180
180,208
208,181
181,208
208,182
182,208
208,196
196,208
208,198
198,208
208,199
199,208
208,210
210,208
208,211
211,208
208,213
213,208
208,214
214,208
208,215
215,208
208,216
216,208
208,220
220,208
208,221
221,208
208,222
222,208
208,224
224,208
208,225
225,208
209,9
9,209
209,21
21,209
209,33
33,209
209,34
34,209
209,42
42,209
209,51
51,209
209,78
78,209
209,111
111,209
209,123
123,209
209,131
131,209
209,140
140,209
209,159
159,209
209,163
163,209
209,170
170,209
209,172
172,209
209,206
206,209
209,218
218,209
210,6
6,210
210,7
7,210
210,11
11,210
210,12
12,210
210,13
13,210
210,18
18,210
210,19
19,210
210,22
22,210
210,29
29,210
210,35
35,210
210,50
50,210
210,57
57,210
210,64
64,210
210,66
66,210
210,72
72,210
210,76
76,210
210,86
86,210
210,89
89,210
210,106
106,210
210,112
112,210
210,117
117,210
210,124
124,210
210,129
129,210
210,135
135,210
210,143
143,210
210,151
151,210
210,154
154,210
210,158
158,210
210,164
164,210
210,169
169,210
210,173
173,210
210,185
185,210
210,200
200,210
210,202
202,210
210,203
203,210
210,208
208,210
210,212
212,210
211,17
17,211
211,25
25,211
211,27
27,211
211,29
29,211
211,40
40,211
211,45
45,211
211,46
46,211
211,48
48,211
211,49
49,211
211,54
54,211
211,58
58,211
211,62
62,211
211,68
68,211
211,69
69,211
211,71
71,211
211,74
74,211
211,77
77,211
211,85
85,211
211,90
90,211
211,92
92,211
211,98
98,211
211,99
99,211
211,105
105,211
211,119
119,211
211,127
127,211
211,129
129,211
211,136
136,211
211,141
141,211
211,142
142,211
211,147
147,211
211,154
154,211
211,157
157,211
211,161
161,211
211,165
165,211
211,166
166,211
211,171
171,211
211,196
196,211
211,198
198,211
211,203
203,211
211,208
208,211
211,214
214,211
211,218
218,211
212,6
6,212
212,7
7,212
212,11
11,212
212,13
13,212
212,29
29,212
212,41
41,212
212,50
50,212
212,51
51,212
212,64
64,212
212,70
70,212
212,72
72,212
212,86
86,212
212,104
104,212
212,106
106,212
212,109
109,212
212,117
117,212
212,119
119,212
212,128
128,212
212,129
129,212
212,137
137,212
212,143
143,212
212,147
147,212
212,151
151,212
212,154
154,212
212,157
157,212
212,160
160,212
212,161
161,212
212,167
167,212
212,169
169,212
212,173
173,212
212,185
185,212
212,198
198,212
212,200
200,212
212,202
202,212
212,210
210,212
212,225
225,212
213,12
12,213
213,14
14,213
213,24
24,213
213,25
25,213
213,56
56,213
213,66
66,213
213,68
68,213
213,69
69,213
213,75
75,213
213,77
77,213
213,82
82,213
213,114
114,213
213,119
119,213
213,149
149,213
213,197
197,213
213,199
199,213
213,208
208,213
213,225
225,213
214,5
5,214
214,15
15,214
214,18
18,214
214,20
20,214
214,22
22,214
214,25
25,214
214,27
27,214
214,29
29,214
214,31
31,214
214,40
40,214
214,41
41,214
214,45
45,214
214,46
46,214
214,48
48,214
214,49
49,214
214,52
52,214
214,54
54,214
214,56
56,214
214,58
58,214
214,62
62,214
214,66
66,214
214,68
68,214
214,71
71,214
214,73
73,214
214,77
77,214
214,82
82,214
214,84
84,214
214,85
85,214
214,86
86,214
214,88
88,214
214,90
90,214
214,92
92,214
214,98
98,214
214,106
106,214
214,110
110,214
214,114
114,214
214,115
115,214
214,119
119,214
214,125
125,214
214,129
129,214
214,133
133,214
214,137
137,214
214,138
138,214
214,141
141,214
214,142
142,214
214,146
146,214
214,147
147,214
214,148
148,214
214,151
151,214
214,157
157,214
214,160
160,214
214,161
161,214
214,165
165,214
214,167
167,214
214,168
168,214
214,169
169,214
214,171
171,214
214,178
178,214
214,179
179,214
214,180
180,214
214,181
181,214
214,191
191,214
214,192
192,214
214,194
194,214
214,196
196,214
214,198
198,214
214,199
199,214
214,208
208,214
214,211
211,214
214,216
216,214
214,221
221,214
214,222
222,214
215,5
5,215
215,14
14,215
215,46
46,215
215,49
49,215
215,58
58,215
215,62
62,215
215,66
66,215
215,71
71,215
215,77
77,215
215,99
99,215
215,114
114,215
215,117
117,215
215,127
127,215
215,137
137,215
215,138
138,215
215,146
146,215
215,147
147,215
215,151
151,215
215,154
154,215
215,157
157,215
215,166
166,215
215,191
191,215
215,192
192,215
215,193
193,215
215,194
194,215
215,196
196,215
215,208
208,215
215,216
216,215
215,220
220,215
216,2
2,216
216,5
5,216
216,12
12,216
216,15
15,216
216,21
21,216
216,22
22,216
216,25
25,216
216,27
27,216
216,29
29,216
216,31
31,216
216,40
40,216
216,45
45,216
216,46
46,216
216,49
49,216
216,52
52,216
216,54
54,216
216,56
56,216
216,58
58,216
216,62
62,216
216,63
63,216
216,66
66,216
216,68
68,216
216,71
71,216
216,73
73,216
216,76
76,216
216,77
77,216
216,82
82,216
216,84
84,216
216,85
85,216
216,86
86,216
216,90
90,216
216,92
92,216
216,93
93,216
216,105
105,216
216,109
109,216
216,110
110,216
216,115
115,216
216,119
119,216
216,125
125,216
216,127
127,216
216,129
129,216
216,133
133,216
216,137
137,216
216,146
146,216
216,147
147,216
216,148
148,216
216,151
151,216
216,157
157,216
216,160
160,216
216,161
161,216
216,165
165,216
216,166
166,216
216,167
167,216
216,168
168,216
216,171
171,216
216,174
174,216
216,177
177,216
216,178
178,216
216,179
179,216
216,180
180,216
216,181
181,216
216,190
190,216
216,191
191,216
216,192
192,216
216,196
196,216
216,198
198,216
216,199
199,216
216,208
208,216
216,214
214,216
216,215
215,216
216,220
220,216
216,221
221,216
216,222
222,216
217,11
11,217
217,13
13,217
217,124
124,217
217,158
158,217
218,2
2,218
218,9
9,218
218,21
21,218
218,22
22,218
218,25
25,218
218,27
27,218
218,29
29,218
218,31
31,218
218,45
45,218
218,51
51,218
218,56
56,218
218,59
59,218
218,61
61,218
218,68
68,218
218,69
69,218
218,70
70,218
218,74
74,218
218,75
75,218
218,79
79,218
218,80
80,218
218,81
81,218
218,82
82,218
218,84
84,218
218,85
85,218
218,86
86,218
218,87
87,218
218,88
88,218
218,89
89,218
218,90
90,218
218,92
92,218
218,93
93,218
218,96
96,218
218,103
103,218
218,105
105,218
218,109
109,218
218,110
110,218
218,111
111,218
218,113
113,218
218,114
114,218
218,123
123,218
218,125
125,218
218,129
129,218
218,131
131,218
218,134
134,218
218,137
137,218
218,139
139,218
218,154
154,218
218,158
158,218
218,160
160,218
218,161
161,218
218,162
162,218
218,164
164,218
218,167
167,218
218,170
170,218
218,172
172,218
218,174
174,218
218,177
177,218
218,179
179,218
218,182
182,218
218,185
185,218
218,188
188,218
218,195
195,218
218,197
197,218
218,198
198,218
218,199
199,218
218,200
200,218
218,204
204,218
218,209
209,218
218,211
211,218
218,221
221,218
218,222
222,218
218,224
224,218
219,3
3,219
219,16
16,219
219,44
44,219
219,47
47,219
219,53
53,219
219,95
95,219
219,108
108,219
219,155
155,219
220,7
7,220
220,12
12,220
220,15
15,220
220,22
22,220
220,25
25,220
220,27
27,220
220,66
66,220
220,73
73,220
220,109
109,220
220,129
129,220
220,136
136,220
220,150
150,220
220,151
151,220
220,154
154,220
220,161
161,220
220,178
178,220
220,208
208,220
220,215
215,220
220,216
216,220
221,5
5,221
221,15
15,221
221,18
18,221
221,19
19,221
221,22
22,221
221,25
25,221
221,27
27,221
221,29
29,221
221,31
31,221
221,41
41,221
221,45
45,221
221,46
46,221
221,48
48,221
221,54
54,221
221,56
56,221
221,58
58,221
221,66
66,221
221,68
68,221
221,71
71,221
221,74
74,221
221,84
84,221
221,85
85,221
221,86
86,221
221,88
88,221
221,90
90,221
221,92
92,221
221,93
93,221
221,106
106,221
221,110
110,221
221,114
114,221
221,119
119,221
221,125
125,221
221,129
129,221
221,137
137,221
221,138
138,221
221,146
146,221
221,147
147,221
221,150
150,221
221,151
151,221
221,154
154,221
221,157
157,221
221,160
160,221
221,161
161,221
221,165
165,221
221,167
167,221
221,168
168,221
221,169
169,221
221,171
171,221
221,178
178,221
221,179
179,221
221,180
180,221
221,191
191,221
221,192
192,221
221,198
198,221
221,199
199,221
221,208
208,221
221,214
214,221
221,216
216,221
221,218
218,221
221,222
222,221
222,5
5,222
222,12
12,222
222,22
22,222
222,25
25,222
222,27
27,222
222,29
29,222
222,40
40,222
222,41
41,222
222,45
45,222
222,46
46,222
222,49
49,222
222,54
54,222
222,56
56,222
222,66
66,222
222,68
68,222
222,70
70,222
222,71
71,222
222,73
73,222
222,74
74,222
222,77
77,222
222,82
82,222
222,93
93,222
222,105
105,222
222,110
110,222
222,114
114,222
222,115
115,222
222,119
119,222
222,125
125,222
222,126
126,222
222,129
129,222
222,137
137,222
222,138
138,222
222,146
146,222
222,151
151,222
222,157
157,222
222,167
167,222
222,174
174,222
222,178
178,222
222,179
179,222
222,181
181,222
222,191
191,222
222,196
196,222
222,208
208,222
222,214
214,222
222,216
216,222
222,218
218,222
222,221
221,222
223,13
13,223
223,24
24,223
223,50
50,223
223,59
59,223
223,64
64,223
223,72
72,223
223,109
109,223
223,176
176,223
223,185
185,223
223,193
193,223
223,195
195,223
224,27
27,224
224,66
66,224
224,70
70,224
224,74
74,224
224,84
84,224
224,86
86,224
224,105
105,224
224,109
109,224
224,119
119,224
224,125
125,224
224,168
168,224
224,191
191,224
224,208
208,224
224,218
218,224
225,12
12,225
225,14
14,225
225,24
24,225
225,27
27,225
225,29
29,225
225,40
40,225
225,50
50,225
225,51
51,225
225,56
56,225
225,71
71,225
225,75
75,225
225,76
76,225
225,79
79,225
225,82
82,225
225,86
86,225
225,93
93,225
225,98
98,225
225,114
114,225
225,117
117,225
225,119
119,225
225,149
149,225
225,151
151,225
225,158
158,225
225,161
161,225
225,168
168,225
225,174
174,225
225,177
177,225
225,185
185,225
225,197
197,225
225,198
198,225
225,199
199,225
225,208
208,225
225,212
212,225
225,213
213,225
226,86
86,226
226,158
158,226
227,91
91,227
227,121
121,227
227,186
186,227
