0,14
14,0
0,258
258,0
1,344
344,1
2,410
410,2
2,471
471,2
2,552
552,2
2,565
565,2
5,490
490,5
5,2164
2164,5
6,251
251,6
6,490
490,6
7,258
258,7
8,0
0,8
8,14
14,8
8,258
258,8
8,751
751,8
9,308
308,9
9,453
453,9
9,481
481,9
9,761
761,9
10,192
192,10
10,193
193,10
10,280
280,10
10,420
420,10
10,519
519,10
11,624
624,11
11,659
659,11
12,84
84,12
13,578
578,13
13,1234
1234,13
14,258
258,14
16,466
466,16
16,552
552,16
16,566
566,16
16,1697
1697,16
17,146
146,17
18,427
427,18
18,745
745,18
18,747
747,18
19,74
74,19
19,571
571,19
20,25
25,20
20,267
267,20
20,334
334,20
20,640
640,20
20,732
732,20
21,294
294,21
21,438
438,21
21,567
567,21
21,1378
1378,21
22,129
129,22
22,163
163,22
22,191
191,22
23,41
41,23
23,759
759,23
24,39
39,24
24,269
269,24
26,747
747,26
26,2612
2612,26
27,84
84,27
28,611
611,28
28,1606
1606,28
28,1718
1718,28
29,319
319,29
29,382
382,29
29,426
426,29
29,429
429,29
31,14
14,31
31,250
250,31
31,1116
1116,31
33,250
250,33
33,1591
1591,33
33,1701
1701,33
34,35
35,34
34,66
66,34
34,559
559,34
34,565
565,34
34,566
566,34
36,257
257,36
36,745
745,36
36,1591
1591,36
36,1933
1933,36
38,219
219,38
38,1689
1689,38
40,761
761,40
41,888
888,41
41,1713
1713,41
41,1716
1716,41
42,163
163,42
42,188
188,42
42,189
189,42
42,793
793,42
43,747
747,43
44,88
88,44
44,686
686,44
44,2428
2428,44
45,490
490,45
45,492
492,45
45,1459
1459,45
46,238
238,46
46,301
301,46
46,489
489,46
47,87
87,47
48,725
725,48
49,581
581,49
49,643
643,49
50,150
150,50
50,581
581,50
50,583
583,50
50,643
643,50
51,645
645,51
51,772
772,51
51,2559
2559,51
52,228
228,52
52,430
430,52
52,478
478,52
53,243
243,53
53,803
803,53
53,1439
1439,53
53,1563
1563,53
54,523
523,54
54,615
615,54
54,712
712,54
54,1687
1687,54
54,2334
2334,54
55,163
163,55
55,1784
1784,55
56,778
778,56
56,967
967,56
56,1027
1027,56
57,552
552,57
57,565
565,57
57,967
967,57
57,1459
1459,57
59,570
570,59
59,576
576,59
59,839
839,59
59,1520
1520,59
60,552
552,60
60,562
562,60
60,565
565,60
61,240
240,61
62,423
423,62
64,284
284,64
64,289
289,64
64,486
486,64
64,583
583,64
65,743
743,65
65,744
744,65
67,729
729,67
69,66
66,69
71,74
74,71
72,745
745,72
72,747
747,72
72,771
771,72
73,747
747,73
74,193
193,74
74,2421
2421,74
75,1123
1123,75
75,1354
1354,75
78,157
157,78
78,214
214,78
78,560
560,78
78,766
766,78
79,438
438,79
79,2207
2207,79
80,15
15,80
80,2044
2044,80
82,39
39,82
82,565
565,82
82,1378
1378,82
83,294
294,83
83,747
747,83
84,347
347,84
84,1240
1240,84
84,1241
1241,84
85,294
294,85
85,465
465,85
85,552
552,85
85,565
565,85
86,735
735,86
87,719
719,87
87,2021
2021,87
88,251
251,88
89,430
430,89
89,635
635,89
89,638
638,89
91,745
745,91
91,747
747,91
92,136
136,92
92,479
479,92
92,552
552,92
92,565
565,92
92,1259
1259,92
93,725
725,93
93,759
759,93
94,41
41,94
94,126
126,94
95,161
161,95
95,358
358,95
95,759
759,95
95,1255
1255,95
96,438
438,96
96,478
478,96
96,649
649,96
96,2061
2061,96
97,439
439,97
98,615
615,98
98,1954
1954,98
98,2696
2696,98
99,759
759,99
99,2578
2578,99
99,2679
2679,99
101,331
331,101
101,1112
1112,101
103,128
128,103
103,294
294,103
103,465
465,103
103,471
471,103
103,565
565,103
104,747
747,104
104,771
771,104
105,248
248,105
105,1326
1326,105
105,2434
2434,105
106,597
597,106
107,250
250,107
107,1288
1288,107
108,107
107,108
108,250
250,108
108,1288
1288,108
109,640
640,109
110,687
687,110
110,745
745,110
110,747
747,110
111,350
350,111
112,572
572,112
112,624
624,112
112,747
747,112
112,881
881,112
113,747
747,113
115,41
41,115
115,138
138,115
115,904
904,115
115,1713
1713,115
115,2153
2153,115
116,88
88,116
116,686
686,116
116,2428
2428,116
117,155
155,117
117,345
345,117
117,452
452,117
117,513
513,117
118,465
465,118
118,565
565,118
118,636
636,118
119,228
228,119
119,430
430,119
119,686
686,119
120,188
188,120
120,1184
1184,120
120,2175
2175,120
121,595
595,121
124,122
122,124
124,127
127,124
124,745
745,124
124,747
747,124
125,160
160,125
127,18
18,127
127,122
122,127
127,745
745,127
127,747
747,127
128,294
294,128
128,565
565,128
129,15
15,129
129,163
163,129
129,1728
1728,129
130,459
459,130
130,640
640,130
130,672
672,130
131,76
76,131
133,608
608,133
133,611
611,133
134,1118
1118,134
134,2135
2135,134
135,418
418,135
135,654
654,135
136,479
479,136
136,986
986,136
136,1259
1259,136
136,1539
1539,136
137,138
138,137
138,137
137,138
138,416
416,138
138,748
748,138
138,1713
1713,138
138,1716
1716,138
139,188
188,139
139,2361
2361,139
141,163
163,141
141,188
188,141
141,1184
1184,141
143,201
201,143
145,163
163,145
145,1646
1646,145
146,427
427,146
146,747
747,146
147,479
479,147
148,210
210,148
148,460
460,148
148,656
656,148
148,1649
1649,148
148,1687
1687,148
149,66
66,149
151,360
360,151
151,1528
1528,151
151,1595
1595,151
152,15
15,152
153,63
63,153
153,294
294,153
153,747
747,153
154,74
74,154
154,392
392,154
155,12
12,155
155,84
84,155
156,236
236,156
156,314
314,156
156,431
431,156
156,521
521,156
159,136
136,159
159,985
985,159
161,759
759,161
163,188
188,163
163,189
189,163
163,793
793,163
164,740
740,164
166,649
649,166
167,552
552,167
167,554
554,167
167,559
559,167
167,1459
1459,167
168,1728
1728,168
169,570
570,169
170,4
4,170
170,250
250,170
171,109
109,171
171,114
114,171
172,245
245,172
172,430
430,172
172,635
635,172
173,162
162,173
173,294
294,173
173,552
552,173
173,565
565,173
173,566
566,173
174,163
163,174
174,501
501,174
174,503
503,174
174,2409
2409,174
175,747
747,175
176,379
379,176
176,756
756,176
177,430
430,177
177,635
635,177
177,911
911,177
177,965
965,177
177,2192
2192,177
178,286
286,178
178,378
378,178
179,331
331,179
179,608
608,179
179,611
611,179
180,143
143,180
180,350
350,180
181,76
76,181
181,157
157,181
181,662
662,181
181,766
766,181
182,468
468,182
182,491
491,182
183,66
66,183
183,454
454,183
183,539
539,183
183,541
541,183
184,158
158,184
184,428
428,184
184,432
432,184
184,433
433,184
185,324
324,185
185,332
332,185
185,389
389,185
186,294
294,186
186,566
566,186
186,588
588,186
186,747
747,186
187,462
462,187
188,42
42,188
188,129
129,188
188,144
144,188
188,163
163,188
188,189
189,188
190,356
356,190
190,519
519,190
190,2223
2223,190
191,163
163,191
191,294
294,191
192,420
420,192
193,192
192,193
195,196
196,195
195,735
735,195
197,3
3,197
197,295
295,197
197,633
633,197
197,749
749,197
198,655
655,198
198,747
747,198
199,591
591,199
199,640
640,199
200,1464
1464,200
201,350
350,201
201,1718
1718,201
201,1990
1990,201
202,72
72,202
202,204
204,202
202,427
427,202
202,747
747,202
203,359
359,203
203,747
747,203
203,2499
2499,203
204,202
202,204
204,747
747,204
204,1645
1645,204
204,2410
2410,204
205,427
427,205
205,745
745,205
205,747
747,205
206,1028
1028,206
206,1488
1488,206
206,1490
1490,206
207,747
747,207
208,88
88,208
208,430
430,208
208,635
635,208
208,1569
1569,208
209,415
415,209
209,2334
2334,209
210,63
63,210
210,295
295,210
210,552
552,210
210,738
738,210
210,1459
1459,210
211,325
325,211
211,645
645,211
211,1527
1527,211
211,2076
2076,211
212,169
169,212
212,570
570,212
212,576
576,212
213,490
490,213
213,492
492,213
213,734
734,213
214,157
157,214
215,66
66,215
215,478
478,215
215,696
696,215
215,2061
2061,215
215,2380
2380,215
216,196
196,216
216,735
735,216
217,747
747,217
218,378
378,218
218,478
478,218
218,1290
1290,218
219,163
163,219
219,846
846,219
220,45
45,220
220,295
295,220
220,490
490,220
220,552
552,220
221,629
629,221
222,581
581,222
222,643
643,222
223,430
430,223
223,686
686,223
224,597
597,224
224,1601
1601,224
224,1819
1819,224
225,88
88,225
225,686
686,225
225,2428
2428,225
226,617
617,226
227,142
142,227
227,378
378,227
227,438
438,227
227,478
478,227
227,638
638,227
229,477
477,229
229,747
747,229
230,142
142,230
230,427
427,230
230,1283
1283,230
231,30
30,231
231,285
285,231
231,486
486,231
232,14
14,232
232,268
268,232
232,613
613,232
233,595
595,233
233,1990
1990,233
234,15
15,234
234,747
747,234
235,747
747,235
236,430
430,236
236,1270
1270,236
236,1271
1271,236
237,163
163,237
238,46
46,238
238,193
193,238
238,489
489,238
238,1815
1815,238
239,82
82,239
239,552
552,239
239,565
565,239
239,1378
1378,239
240,2652
2652,240
241,763
763,241
242,14
14,242
242,574
574,242
242,1006
1006,242
243,728
728,243
244,136
136,244
244,565
565,244
244,750
750,244
245,1636
1636,245
248,398
398,248
248,1326
1326,248
248,2088
2088,248
249,86
86,249
249,2649
2649,249
250,76
76,250
250,107
107,250
250,427
427,250
250,577
577,250
251,865
865,251
251,1505
1505,251
252,60
60,252
252,74
74,252
252,294
294,252
252,562
562,252
252,688
688,252
253,15
15,253
253,1815
1815,253
254,15
15,254
254,1176
1176,254
255,70
70,255
255,421
421,255
255,569
569,255
255,767
767,255
256,635
635,256
257,667
667,257
258,14
14,258
259,228
228,259
259,320
320,259
259,582
582,259
260,419
419,260
260,1324
1324,260
260,1527
1527,260
260,2559
2559,260
261,345
345,261
262,188
188,262
262,793
793,262
262,1980
1980,262
263,74
74,263
263,668
668,263
263,2421
2421,263
264,635
635,264
264,638
638,264
265,100
100,265
265,758
758,265
266,163
163,266
266,262
262,266
267,20
20,267
267,334
334,267
267,459
459,267
267,732
732,267
268,14
14,268
268,258
258,268
268,613
613,268
268,616
616,268
270,339
339,270
270,342
342,270
270,467
467,270
270,495
495,270
270,573
573,270
271,2056
2056,271
272,914
914,272
272,1551
1551,272
273,38
38,273
274,204
204,274
274,478
478,274
274,566
566,274
276,270
270,276
276,342
342,276
276,467
467,276
276,1993
1993,276
276,2115
2115,276
277,294
294,277
277,483
483,277
277,523
523,277
277,552
552,277
277,567
567,277
278,324
324,278
278,326
326,278
278,1898
1898,278
280,192
192,280
280,193
193,280
280,519
519,280
280,2549
2549,280
281,858
858,281
282,589
589,282
282,592
592,282
283,523
523,283
283,565
565,283
283,747
747,283
284,64
64,284
284,486
486,284
284,583
583,284
285,30
30,285
285,486
486,285
286,378
378,286
287,549
549,287
287,591
591,287
287,640
640,287
288,66
66,288
288,75
75,288
288,1377
1377,288
288,2037
2037,288
288,2380
2380,288
289,612
612,289
289,1534
1534,289
289,1535
1535,289
289,1537
1537,289
290,163
163,290
290,1839
1839,290
290,1911
1911,290
290,2220
2220,290
292,759
759,292
293,387
387,293
293,576
576,293
295,82
82,295
295,471
471,295
295,565
565,295
296,227
227,296
296,438
438,296
296,638
638,296
296,692
692,296
296,1236
1236,296
297,441
441,297
297,809
809,297
297,1321
1321,297
298,410
410,298
298,552
552,298
300,593
593,300
300,1621
1621,300
301,238
238,301
301,489
489,301
302,428
428,302
302,432
432,302
303,426
426,303
303,478
478,303
303,1174
1174,303
303,2091
2091,303
304,108
108,304
304,250
250,304
304,427
427,304
304,1461
1461,304
304,1912
1912,304
305,82
82,305
305,410
410,305
305,552
552,305
305,565
565,305
306,57
57,306
306,552
552,306
306,554
554,306
306,565
565,306
306,967
967,306
307,735
735,307
309,163
163,309
310,74
74,310
310,668
668,310
310,747
747,310
311,406
406,311
311,552
552,311
312,427
427,312
312,577
577,312
312,645
645,312
312,772
772,312
313,534
534,313
313,801
801,313
313,1354
1354,313
313,1377
1377,313
313,1642
1642,313
314,509
509,314
315,747
747,315
316,344
344,316
317,417
417,317
317,508
508,317
317,2326
2326,317
318,426
426,318
318,1644
1644,318
321,566
566,321
321,1192
1192,321
321,1954
1954,321
321,2179
2179,321
321,2305
2305,321
322,15
15,322
322,160
160,322
322,967
967,322
322,1644
1644,322
322,2508
2508,322
323,140
140,323
323,228
228,323
323,1322
1322,323
323,2467
2467,323
323,2560
2560,323
324,62
62,324
324,326
326,324
324,327
327,324
324,332
332,324
326,324
324,326
326,327
327,326
328,747
747,328
328,2619
2619,328
329,237
237,329
330,354
354,330
330,359
359,330
330,576
576,330
330,731
731,330
330,747
747,330
332,62
62,332
333,477
477,333
333,565
565,333
333,566
566,333
335,344
344,335
335,378
378,335
335,426
426,335
335,585
585,335
336,747
747,336
337,77
77,337
337,143
143,337
337,346
346,337
337,363
363,337
338,627
627,338
339,342
342,339
341,340
340,341
341,709
709,341
342,1800
1800,342
342,2016
2016,342
343,1523
1523,343
344,2215
2215,344
345,74
74,345
345,76
76,345
345,622
622,345
345,2421
2421,345
346,132
132,346
346,143
143,346
346,163
163,346
347,84
84,347
348,344
344,348
348,638
638,348
349,747
747,349
351,350
350,351
352,41
41,352
352,904
904,352
352,1372
1372,352
353,427
427,353
353,747
747,353
354,576
576,354
354,1520
1520,354
355,576
576,355
355,745
745,355
355,1562
1562,355
357,243
243,357
357,537
537,357
357,803
803,357
357,1563
1563,357
357,2089
2089,357
359,2499
2499,359
360,698
698,360
361,55
55,361
362,747
747,362
362,2191
2191,362
363,143
143,363
363,346
346,363
364,365
365,364
365,2112
2112,365
366,364
364,366
367,483
483,367
367,552
552,367
367,565
565,367
368,611
611,368
368,747
747,368
369,747
747,369
370,552
552,370
370,562
562,370
370,875
875,370
371,88
88,371
371,157
157,371
372,38
38,372
372,273
273,372
373,86
86,373
373,652
652,373
374,455
455,374
374,552
552,374
375,635
635,375
375,638
638,375
376,558
558,376
376,641
641,376
376,704
704,376
377,74
74,377
377,622
622,377
378,1539
1539,378
380,163
163,380
380,188
188,380
381,430
430,381
381,635
635,381
381,686
686,381
381,2342
2342,381
382,1236
1236,382
383,87
87,383
383,631
631,383
383,638
638,383
384,14
14,384
385,565
565,385
385,567
567,385
386,611
611,386
386,745
745,386
386,747
747,386
388,439
439,388
388,2590
2590,388
389,185
185,389
389,324
324,389
389,332
332,389
389,577
577,389
390,145
145,390
390,163
163,390
391,142
142,391
391,230
230,391
391,427
427,391
391,438
438,391
391,1283
1283,391
392,76
76,392
393,14
14,393
393,157
157,393
394,125
125,394
394,133
133,394
394,608
608,394
395,163
163,395
395,189
189,395
395,191
191,395
396,378
378,396
396,478
478,396
397,659
659,397
397,747
747,397
397,2346
2346,397
399,15
15,399
399,427
427,399
399,1250
1250,399
399,1251
1251,399
400,14
14,400
400,258
258,400
400,555
555,400
400,2354
2354,400
400,2360
2360,400
401,442
442,401
401,577
577,401
401,632
632,401
401,2462
2462,401
402,163
163,402
402,219
219,402
402,538
538,402
403,402
402,403
403,2302
2302,403
403,2309
2309,403
404,102
102,404
405,1285
1285,405
405,1592
1592,405
406,230
230,406
406,427
427,406
406,2307
2307,406
407,1298
1298,407
408,630
630,408
410,82
82,410
410,565
565,410
412,552
552,412
413,611
611,413
414,1174
1174,414
415,163
163,415
415,188
188,415
415,523
523,415
416,137
137,416
416,138
138,416
416,1713
1713,416
416,1913
1913,416
416,2510
2510,416
418,479
479,418
418,740
740,418
418,1198
1198,418
419,248
248,419
419,260
260,419
419,398
398,419
419,1326
1326,419
419,1527
1527,419
420,192
192,420
420,193
193,420
420,2214
2214,420
422,163
163,422
422,1069
1069,422
422,1685
1685,422
423,62
62,423
423,557
557,423
423,558
558,423
423,1290
1290,423
424,571
571,424
425,85
85,425
425,565
565,425
427,201
201,427
427,350
350,427
427,477
477,427
427,2024
2024,427
428,302
302,428
428,432
432,428
429,1290
1290,429
430,256
256,430
430,634
634,430
430,635
635,430
430,686
686,430
430,1569
1569,430
431,1608
1608,431
432,165
165,432
433,158
158,433
433,428
428,433
433,432
432,433
434,597
597,434
434,1339
1339,434
434,2473
2473,434
435,0
0,435
435,8
8,435
435,14
14,435
435,258
258,435
435,751
751,435
436,635
635,436
437,14
14,437
439,192
192,439
439,420
420,439
440,367
367,440
440,414
414,440
440,562
562,440
441,638
638,441
442,635
635,442
442,1908
1908,442
443,14
14,443
444,144
144,444
445,318
318,445
445,690
690,445
446,552
552,446
446,554
554,446
447,630
630,447
448,163
163,448
448,191
191,448
449,479
479,449
449,566
566,449
449,638
638,449
449,1539
1539,449
450,646
646,450
450,954
954,450
450,2558
2558,450
451,552
552,451
451,2537
2537,451
451,2666
2666,451
452,347
347,452
452,513
513,452
453,549
549,453
453,591
591,453
453,1124
1124,453
454,539
539,454
455,552
552,455
456,25
25,456
456,549
549,456
456,569
569,456
456,672
672,456
456,1560
1560,456
457,166
166,457
457,649
649,457
458,745
745,458
458,747
747,458
459,109
109,459
459,640
640,459
460,281
281,460
461,427
427,461
462,1644
1644,462
463,3
3,463
463,333
333,463
463,477
477,463
463,483
483,463
463,564
564,463
464,275
275,464
464,279
279,464
464,573
573,464
465,294
294,465
465,523
523,465
465,565
565,465
466,294
294,466
466,465
465,466
466,552
552,466
466,565
565,466
466,566
566,466
467,342
342,467
467,464
464,467
467,495
495,467
467,729
729,467
467,2016
2016,467
468,1713
1713,468
469,78
78,469
469,160
160,469
469,214
214,469
470,478
478,470
471,621
621,471
472,552
552,472
472,566
566,472
472,650
650,472
472,1006
1006,472
473,552
552,473
473,1459
1459,473
474,635
635,474
474,698
698,474
475,168
168,475
477,294
294,477
477,565
565,477
477,566
566,477
477,745
745,477
478,479
479,478
478,523
523,478
478,565
565,478
480,257
257,480
480,667
667,480
480,2270
2270,480
480,2570
2570,480
482,13
13,482
482,251
251,482
482,551
551,482
482,578
578,482
483,294
294,483
483,552
552,483
483,566
566,483
484,641
641,484
484,642
642,484
484,1574
1574,484
487,291
291,487
487,538
538,487
488,109
109,488
488,549
549,488
488,591
591,488
489,747
747,489
491,468
468,491
491,2318
2318,491
492,490
490,492
492,565
565,492
492,1741
1741,492
492,2419
2419,492
493,427
427,493
494,427
427,494
494,747
747,494
495,339
339,495
495,342
342,495
495,467
467,495
496,663
663,496
497,478
478,497
497,2342
2342,497
498,107
107,498
498,108
108,498
498,250
250,498
499,250
250,499
499,1287
1287,499
499,1288
1288,499
500,247
247,500
500,563
563,500
500,1767
1767,500
500,2444
2444,500
501,496
496,501
501,503
503,501
501,663
663,501
502,294
294,502
502,565
565,502
502,567
567,502
502,747
747,502
502,2536
2536,502
505,74
74,505
505,134
134,505
506,514
514,506
507,109
109,507
507,549
549,507
507,798
798,507
507,2391
2391,507
507,2427
2427,507
508,417
417,508
508,523
523,508
508,2326
2326,508
510,192
192,510
510,356
356,510
510,519
519,510
510,2223
2223,510
511,74
74,511
511,611
611,511
512,407
407,512
512,411
411,512
513,155
155,513
514,453
453,514
514,569
569,514
515,2164
2164,515
516,272
272,516
517,164
164,517
517,1170
1170,517
517,1198
1198,517
517,2509
2509,517
518,76
76,518
518,181
181,518
518,662
662,518
518,766
766,518
519,192
192,519
519,193
193,519
519,420
420,519
519,2448
2448,519
519,2549
2549,519
520,142
142,520
520,230
230,520
520,478
478,520
520,719
719,520
521,344
344,521
521,638
638,521
521,1081
1081,521
521,1082
1082,521
521,1259
1259,521
522,68
68,522
523,163
163,523
523,188
188,523
523,717
717,523
524,430
430,524
524,520
520,524
525,522
522,525
525,684
684,525
525,1419
1419,525
525,1425
1425,525
525,1427
1427,525
526,427
427,526
526,747
747,526
527,747
747,527
527,1656
1656,527
527,1968
1968,527
527,2662
2662,527
528,678
678,528
529,340
340,529
529,341
341,529
529,709
709,529
530,163
163,530
530,343
343,530
531,693
693,531
531,2187
2187,531
532,27
27,532
533,41
41,533
535,109
109,535
535,672
672,535
535,761
761,535
535,1560
1560,535
536,58
58,536
536,200
200,536
536,206
206,536
536,411
411,536
538,15
15,538
538,129
129,538
538,2165
2165,538
539,1123
1123,539
540,523
523,540
541,454
454,541
541,539
539,541
541,1123
1123,541
542,747
747,542
542,779
779,542
542,1203
1203,542
543,540
540,543
544,0
0,544
544,14
14,544
544,258
258,544
544,751
751,544
545,747
747,545
546,163
163,546
547,74
74,547
547,430
430,547
548,82
82,548
548,552
552,548
548,565
565,548
548,1859
1859,548
548,1860
1860,548
549,591
591,549
549,640
640,549
549,672
672,549
550,438
438,550
550,569
569,550
550,1422
1422,550
550,2423
2423,550
551,523
523,551
553,123
123,553
553,2459
2459,553
554,294
294,554
554,552
552,554
554,565
565,554
554,875
875,554
556,555
555,556
556,615
615,556
556,2354
2354,556
556,2360
2360,556
557,423
423,557
557,558
558,557
559,167
167,559
559,552
552,559
559,1378
1378,559
559,2341
2341,559
560,157
157,560
560,246
246,560
560,740
740,560
560,1452
1452,560
561,427
427,561
561,745
745,561
561,747
747,561
563,37
37,563
563,38
38,563
563,163
163,563
563,219
219,563
563,247
247,563
564,294
294,564
564,565
565,564
564,738
738,564
564,1841
1841,564
565,294
294,565
565,465
465,565
565,523
523,565
566,294
294,566
566,465
465,566
566,565
565,566
566,1459
1459,566
568,478
478,568
568,843
843,568
570,59
59,570
570,576
576,570
570,1520
1520,570
571,19
19,571
571,1762
1762,571
571,2495
2495,571
572,624
624,572
572,747
747,572
572,881
881,572
573,464
464,573
574,549
549,574
574,640
640,574
574,672
672,574
575,173
173,575
575,552
552,575
575,565
565,575
575,738
738,575
575,843
843,575
576,43
43,576
576,731
731,576
576,1710
1710,576
579,611
611,579
579,696
696,579
579,747
747,579
580,581
581,580
580,1126
1126,580
580,1215
1215,580
580,1497
1497,580
584,250
250,584
584,427
427,584
584,639
639,584
585,378
378,585
585,2091
2091,585
586,28
28,586
587,88
88,587
587,214
214,587
587,427
427,587
587,2239
2239,587
588,294
294,588
588,566
566,588
588,699
699,588
588,747
747,588
589,592
592,589
589,1509
1509,589
590,364
364,590
590,365
365,590
590,366
366,590
591,549
549,591
591,640
640,591
591,672
672,591
591,2054
2054,591
592,589
589,592
594,593
593,594
594,1122
1122,594
594,1194
1194,594
594,1621
1621,594
596,299
299,596
597,204
204,597
597,675
675,597
598,158
158,598
598,302
302,598
598,307
307,598
598,428
428,598
598,432
432,598
599,747
747,599
600,205
205,600
600,745
745,600
600,747
747,600
600,1052
1052,600
601,3
3,601
601,552
552,601
601,565
565,601
601,611
611,601
601,1741
1741,601
602,163
163,602
602,1114
1114,602
602,2334
2334,602
603,540
540,603
603,670
670,603
603,1047
1047,603
603,1640
1640,603
604,74
74,604
604,668
668,604
605,476
476,605
605,576
576,605
605,676
676,605
606,163
163,606
606,537
537,606
607,438
438,607
607,1306
1306,607
609,719
719,609
609,747
747,609
610,427
427,610
610,747
747,610
611,608
608,611
611,719
719,611
611,1079
1079,611
611,1935
1935,611
611,2378
2378,611
612,629
629,612
612,1348
1348,612
613,14
14,613
613,2107
2107,613
613,2496
2496,613
615,555
555,615
615,614
614,615
616,268
268,616
616,438
438,616
616,613
613,616
616,2046
2046,616
618,478
478,618
618,638
638,618
619,260
260,619
620,747
747,620
621,552
552,621
621,565
565,621
621,738
738,621
622,74
74,622
623,1172
1172,623
623,2341
2341,623
624,163
163,624
624,659
659,624
625,659
659,625
626,261
261,626
626,687
687,626
628,747
747,628
629,1535
1535,629
629,1537
1537,629
630,447
447,630
632,430
430,632
632,635
635,632
632,1582
1582,632
632,1909
1909,632
632,2508
2508,632
633,294
294,633
633,565
565,633
633,566
566,633
633,611
611,633
633,1459
1459,633
634,256
256,634
634,635
635,634
634,1570
1570,634
635,109
109,635
635,640
640,635
635,660
660,635
636,294
294,636
636,552
552,636
636,764
764,636
636,1573
1573,636
636,2687
2687,636
637,515
515,637
637,623
623,637
638,294
294,638
638,2409
2409,638
639,250
250,639
640,109
109,640
643,150
150,643
643,583
583,643
643,1121
1121,643
644,210
210,644
644,552
552,644
644,565
565,644
647,81
81,647
648,693
693,648
649,479
479,649
650,483
483,650
650,656
656,650
650,1006
1006,650
651,430
430,651
651,635
635,651
652,86
86,652
652,249
249,652
653,552
552,653
653,2480
2480,653
655,747
747,655
657,656
656,657
657,1581
1581,657
658,163
163,658
658,427
427,658
659,163
163,659
660,635
635,660
661,71
71,661
661,74
74,661
661,76
76,661
664,350
350,664
665,294
294,665
665,427
427,665
665,747
747,665
666,745
745,666
667,2570
2570,667
669,509
509,669
671,552
552,671
671,562
562,671
671,565
565,671
671,566
566,671
671,1459
1459,671
672,109
109,672
672,2040
2040,672
673,194
194,673
674,427
427,674
675,344
344,675
675,2215
2215,675
677,71
71,677
679,30
30,679
679,32
32,679
680,74
74,680
680,90
90,680
680,608
608,680
680,747
747,680
681,402
402,681
681,712
712,681
681,2309
2309,681
682,88
88,682
683,430
430,683
683,632
632,683
683,635
635,683
683,686
686,683
683,1860
1860,683
684,161
161,684
684,779
779,684
684,1425
1425,684
684,1550
1550,684
685,217
217,685
685,747
747,685
686,318
318,686
686,430
430,686
686,634
634,686
686,635
635,686
687,741
741,687
687,745
745,687
688,60
60,688
688,207
207,688
688,412
412,688
688,552
552,688
688,566
566,688
689,163
163,689
689,967
967,689
691,552
552,691
691,565
565,691
691,1649
1649,691
691,2658
2658,691
692,378
378,692
692,438
438,692
692,1191
1191,692
694,76
76,694
694,250
250,694
695,659
659,695
695,747
747,695
695,1967
1967,695
696,427
427,696
696,747
747,696
697,642
642,697
698,427
427,698
699,294
294,699
699,566
566,699
699,588
588,699
699,747
747,699
700,624
624,700
700,625
625,700
700,747
747,700
700,879
879,700
701,15
15,701
701,638
638,701
701,1644
1644,701
702,504
504,702
703,747
747,703
705,192
192,705
705,519
519,705
705,1910
1910,705
706,453
453,706
707,158
158,707
707,195
195,707
707,196
196,707
708,14
14,708
708,250
250,708
708,1116
1116,708
709,340
340,709
709,341
341,709
710,438
438,710
710,569
569,710
710,847
847,710
711,485
485,711
712,219
219,712
712,415
415,712
713,161
161,713
713,347
347,713
714,163
163,714
714,1218
1218,714
714,2089
2089,714
715,84
84,715
716,157
157,716
716,611
611,716
717,163
163,717
717,188
188,717
718,271
271,718
718,611
611,718
719,747
747,719
720,438
438,720
721,188
188,721
722,635
635,722
722,638
638,722
723,552
552,723
724,747
747,724
724,2612
2612,724
725,41
41,725
726,576
576,726
727,163
163,727
727,1016
1016,727
727,1136
1136,727
728,1016
1016,728
729,342
342,729
729,467
467,729
730,350
350,730
730,351
351,730
731,121
121,731
731,1656
1656,731
732,640
640,732
733,566
566,733
734,490
490,734
734,492
492,734
736,14
14,736
736,250
250,736
736,1116
1116,736
737,747
747,737
737,2024
2024,737
738,552
552,738
738,565
565,738
739,63
63,739
740,157
157,740
741,204
204,741
741,747
747,741
742,645
645,742
742,772
772,742
742,1240
1240,742
743,163
163,743
743,744
744,743
743,2030
2030,743
743,2659
2659,743
744,163
163,744
744,2030
2030,744
745,1884
1884,745
745,1885
1885,745
745,1886
1886,745
746,14
14,746
746,299
299,746
748,137
137,748
748,138
138,748
748,1926
1926,748
748,1933
1933,748
748,1941
1941,748
749,483
483,749
749,552
552,749
749,1459
1459,749
749,2485
2485,749
751,14
14,751
751,258
258,751
752,649
649,752
753,405
405,753
753,409
409,753
753,444
444,753
754,478
478,754
755,188
188,755
755,757
757,755
755,1404
1404,755
755,2058
2058,755
756,379
379,756
757,163
163,757
757,188
188,757
757,219
219,757
757,846
846,757
757,2058
2058,757
758,100
100,758
758,265
265,758
758,1980
1980,758
760,88
88,760
760,686
686,760
760,2428
2428,760
761,40
40,761
762,88
88,762
763,747
747,763
763,1879
1879,763
764,636
636,764
764,910
910,764
764,1573
1573,764
764,2687
2687,764
765,163
163,765
766,157
157,766
767,569
569,767
768,772
772,768
769,163
163,769
769,764
764,769
770,350
350,770
770,730
730,770
770,1285
1285,770
771,72
72,771
771,202
202,771
771,745
745,771
771,747
747,771
773,565
565,773
773,656
656,773
773,1643
1643,773
773,1687
1687,773
774,331
331,774
774,1493
1493,774
774,2707
2707,774
775,162
162,775
775,875
875,775
775,1459
1459,775
776,342
342,776
776,398
398,776
776,1326
1326,776
776,2088
2088,776
776,2166
2166,776
777,533
533,777
778,25
25,778
778,109
109,778
779,542
542,779
779,638
638,779
779,747
747,779
779,1203
1203,779
780,1139
1139,780
780,1598
1598,780
781,163
163,781
781,846
846,781
781,1184
1184,781
781,1533
1533,781
783,1155
1155,783
783,1328
1328,783
783,1407
1407,783
783,1812
1812,783
784,917
917,784
785,862
862,785
785,1155
1155,785
785,1328
1328,785
785,1812
1812,785
786,1003
1003,786
786,1004
1004,786
786,1363
1363,786
787,74
74,787
787,1287
1287,787
787,1288
1288,787
788,1268
1268,788
788,2341
2341,788
789,415
415,789
789,1206
1206,789
789,1409
1409,789
790,1234
1234,790
790,1510
1510,790
790,2057
2057,790
791,786
786,791
791,1003
1003,791
791,1004
1004,791
791,1560
1560,791
792,798
798,792
794,795
795,794
795,865
865,795
796,1629
1629,796
797,1645
1645,797
799,1122
1122,799
799,1699
1699,799
799,1706
1706,799
799,2656
2656,799
800,163
163,800
800,1136
1136,800
801,1542
1542,801
802,1168
1168,802
803,1439
1439,803
804,1459
1459,804
804,1697
1697,804
805,930
930,805
806,1121
1121,806
806,1138
1138,806
806,1354
1354,806
807,294
294,807
807,1672
1672,807
808,359
359,808
808,731
731,808
809,1129
1129,809
810,1287
1287,810
810,1718
1718,810
811,910
910,811
811,1140
1140,811
811,1253
1253,811
812,809
809,812
812,814
814,812
812,1341
1341,812
812,1365
1365,812
813,163
163,813
813,1523
1523,813
814,809
809,814
814,1080
1080,814
814,1129
1129,814
814,1321
1321,814
815,880
880,815
815,1523
1523,815
816,881
881,816
816,1203
1203,816
817,818
818,817
817,1125
1125,817
817,1212
1212,817
817,1367
1367,817
818,582
582,818
818,817
817,818
818,1125
1125,818
818,1212
1212,818
818,1215
1215,818
819,817
817,819
819,818
818,819
819,1154
1154,819
819,1212
1212,819
819,1215
1215,819
820,1146
1146,820
820,1252
1252,820
821,607
607,821
821,1389
1389,821
821,1421
1421,821
822,1484
1484,822
822,1644
1644,822
823,142
142,823
823,227
227,823
823,427
427,823
823,1283
1283,823
824,1215
1215,824
824,1621
1621,824
825,1215
1215,825
827,909
909,827
827,913
913,827
827,1527
1527,827
827,1894
1894,827
829,820
820,829
829,962
962,829
829,1252
1252,829
830,1252
1252,830
831,885
885,831
831,2243
2243,831
831,2466
2466,831
832,1052
1052,832
832,1701
1701,832
833,714
714,833
833,1218
1218,833
833,1796
1796,833
834,576
576,834
834,1067
1067,834
834,1520
1520,834
834,1814
1814,834
834,1821
1821,834
835,688
688,835
836,375
375,836
836,426
426,836
836,1266
1266,836
836,1595
1595,836
837,1007
1007,837
837,1489
1489,837
839,354
354,839
839,576
576,839
839,1072
1072,839
839,1520
1520,839
840,1196
1196,840
841,1240
1240,841
841,2559
2559,841
842,565
565,842
842,1540
1540,842
844,55
55,844
844,934
934,844
844,974
974,844
844,1184
1184,844
844,1784
1784,844
845,784
784,845
846,219
219,846
847,848
848,847
847,967
967,847
848,591
591,848
848,847
847,848
848,967
967,848
850,917
917,850
851,1491
1491,851
852,1015
1015,852
852,1654
1654,852
853,1019
1019,853
853,1053
1053,853
853,1732
1732,853
853,2423
2423,853
854,1178
1178,854
854,1231
1231,854
854,2211
2211,854
854,2598
2598,854
855,1338
1338,855
855,1654
1654,855
856,163
163,856
856,793
793,856
856,1016
1016,856
856,1153
1153,856
857,1125
1125,857
857,1483
1483,857
858,566
566,858
858,1084
1084,858
858,2303
2303,858
858,2556
2556,858
859,1198
1198,859
860,934
934,860
860,1184
1184,860
860,1911
1911,860
861,1236
1236,861
861,1431
1431,861
861,1678
1678,861
862,638
638,862
862,986
986,862
862,1019
1019,862
862,1812
1812,862
862,2423
2423,862
863,576
576,863
863,808
808,863
863,2499
2499,863
864,611
611,864
864,1079
1079,864
866,18
18,866
867,46
46,867
867,74
74,867
867,667
667,867
867,1493
1493,867
868,1643
1643,868
868,1649
1649,868
869,76
76,869
869,1374
1374,869
870,523
523,870
870,1687
1687,870
871,74
74,871
872,59
59,872
872,570
570,872
872,1520
1520,872
873,1520
1520,873
874,59
59,874
874,570
570,874
874,576
576,874
874,839
839,874
874,1520
1520,874
876,453
453,876
876,1006
1006,876
876,1025
1025,876
876,1269
1269,876
877,1010
1010,877
877,1569
1569,877
877,1578
1578,877
880,1523
1523,880
881,74
74,881
881,1203
1203,881
881,1256
1256,881
881,2423
2423,881
882,523
523,882
882,565
565,882
882,575
575,882
882,1378
1378,882
882,1529
1529,882
884,109
109,884
884,1658
1658,884
885,177
177,885
885,1335
1335,885
886,1295
1295,886
889,41
41,889
889,892
892,889
889,904
904,889
889,1713
1713,889
889,2153
2153,889
890,18
18,890
890,866
866,890
892,41
41,892
892,138
138,892
892,904
904,892
892,1713
1713,892
892,1716
1716,892
893,1174
1174,893
893,1259
1259,893
893,1290
1290,893
896,468
468,896
896,888
888,896
896,1372
1372,896
897,157
157,897
897,1240
1240,897
898,107
107,898
898,108
108,898
899,611
611,899
899,1564
1564,899
899,1565
1565,899
899,1672
1672,899
900,228
228,900
900,1207
1207,900
900,1351
1351,900
900,1533
1533,900
900,1583
1583,900
901,1497
1497,901
901,1553
1553,901
901,1554
1554,901
902,910
910,902
902,964
964,902
902,1174
1174,902
903,1491
1491,903
903,1672
1672,903
904,292
292,904
905,558
558,905
905,976
976,905
905,1287
1287,905
905,1393
1393,905
906,74
74,906
906,1019
1019,906
906,1860
1860,906
907,1252
1252,907
908,414
414,908
908,809
809,908
908,919
919,908
908,2304
2304,908
909,913
913,909
909,1527
1527,909
909,1894
1894,909
910,163
163,910
910,523
523,910
910,565
565,910
910,902
902,910
911,585
585,911
911,1354
1354,911
912,1240
1240,912
912,1241
1241,912
914,272
272,914
914,1551
1551,914
915,1172
1172,915
915,1294
1294,915
916,157
157,916
916,427
427,916
916,1038
1038,916
918,1252
1252,918
919,809
809,919
919,1129
1129,919
920,873
873,920
920,1520
1520,920
921,1265
1265,921
921,1725
1725,921
922,580
580,922
923,922
922,923
923,1126
1126,923
924,672
672,924
924,1309
1309,924
924,1460
1460,924
924,1539
1539,924
925,1532
1532,925
926,1019
1019,926
926,1112
1112,926
927,1019
1019,927
927,1328
1328,927
928,256
256,928
928,983
983,928
928,1636
1636,928
929,71
71,929
929,740
740,929
929,1559
1559,929
929,1697
1697,929
930,1254
1254,930
931,70
70,931
931,1000
1000,931
931,1053
1053,931
931,1463
1463,931
931,1484
1484,931
932,251
251,932
932,865
865,932
932,1505
1505,932
933,483
483,933
933,875
875,933
934,380
380,934
935,163
163,935
935,1136
1136,935
936,1515
1515,936
937,426
426,937
937,1234
1234,937
938,560
560,938
938,611
611,938
939,1242
1242,939
940,163
163,940
940,934
934,940
942,163
163,942
942,1153
1153,942
943,728
728,943
943,793
793,943
943,1016
1016,943
943,1466
1466,943
943,1646
1646,943
944,1335
1335,944
944,1337
1337,944
945,62
62,945
945,327
327,945
945,788
788,945
945,1287
1287,945
945,1414
1414,945
946,427
427,946
946,1600
1600,946
947,1328
1328,947
948,1281
1281,948
948,1282
1282,948
948,1446
1446,948
949,74
74,949
949,1512
1512,949
949,1608
1608,949
950,84
84,950
950,1240
1240,950
950,1241
1241,950
951,1554
1554,951
951,2605
2605,951
952,1660
1660,952
953,972
972,953
954,427
427,954
954,969
969,954
955,109
109,955
955,560
560,955
956,995
995,956
956,1178
1178,956
956,1231
1231,956
956,2598
2598,956
957,967
967,957
958,1409
1409,958
959,793
793,959
959,1130
1130,959
960,378
378,960
960,1292
1292,960
960,1301
1301,960
961,163
163,961
961,523
523,961
962,745
745,962
963,344
344,963
963,1519
1519,963
964,902
902,964
964,910
910,964
965,902
902,965
965,964
964,965
966,163
163,966
966,902
902,966
966,910
910,966
966,964
964,966
966,965
965,966
967,109
109,967
968,1285
1285,968
970,567
567,970
970,974
974,970
970,1378
1378,970
970,1533
1533,970
971,1326
1326,971
971,1527
1527,971
971,2166
2166,971
973,802
802,973
973,993
993,973
975,74
74,975
975,76
76,975
975,608
608,975
975,668
668,975
975,1079
1079,975
976,1268
1268,976
976,1287
1287,976
976,1393
1393,976
977,1234
1234,977
978,664
664,978
978,1593
1593,978
978,1954
1954,978
979,68
68,979
979,157
157,979
979,766
766,979
979,879
879,979
979,1845
1845,979
981,902
902,981
981,910
910,981
981,965
965,981
982,163
163,982
982,247
247,982
982,910
910,982
983,256
256,983
983,887
887,983
983,1636
1636,983
984,1048
1048,984
986,1644
1644,986
986,2614
2614,986
986,2616
2616,986
987,74
74,987
987,1240
1240,987
987,1608
1608,987
990,58
58,990
990,805
805,990
990,1774
1774,990
991,318
318,991
991,858
858,991
991,1084
1084,991
991,1368
1368,991
992,1354
1354,992
994,1354
1354,994
995,415
415,995
995,1178
1178,995
995,1690
1690,995
995,2673
2673,995
996,161
161,996
996,1015
1015,996
997,1271
1271,997
998,84
84,998
998,347
347,998
998,1240
1240,998
998,1241
1241,998
999,70
70,999
999,347
347,999
999,1240
1240,999
999,1463
1463,999
999,1512
1512,999
1000,569
569,1000
1000,1185
1185,1000
1001,1354
1354,1001
1002,983
983,1002
1003,672
672,1003
1003,1004
1004,1003
1004,672
672,1004
1004,1003
1003,1004
1006,574
574,1006
1006,2360
2360,1006
1007,344
344,1007
1008,1569
1569,1008
1009,934
934,1009
1009,1079
1079,1009
1009,2175
2175,1009
1010,1061
1061,1010
1010,1569
1569,1010
1010,1578
1578,1010
1011,1008
1008,1011
1011,1010
1010,1011
1011,1569
1569,1011
1012,295
295,1012
1012,565
565,1012
1012,882
882,1012
1013,1156
1156,1013
1014,576
576,1014
1014,676
676,1014
1017,74
74,1017
1017,157
157,1017
1017,1574
1574,1017
1018,1136
1136,1018
1018,1139
1139,1018
1018,1142
1142,1018
1020,430
430,1020
1020,1322
1322,1020
1020,1328
1328,1020
1020,1329
1329,1020
1020,1337
1337,1020
1021,1464
1464,1021
1022,1282
1282,1022
1023,878
878,1023
1024,74
74,1024
1024,1053
1053,1024
1024,1335
1335,1024
1024,2338
2338,1024
1025,453
453,1025
1025,569
569,1025
1025,1006
1006,1025
1025,1238
1238,1025
1025,1290
1290,1025
1027,322
322,1027
1027,378
378,1027
1027,638
638,1027
1027,1322
1322,1027
1027,1336
1336,1027
1030,163
163,1030
1030,1136
1136,1030
1030,1796
1796,1030
1030,1946
1946,1030
1031,258
258,1031
1031,1328
1328,1031
1032,591
591,1032
1032,847
847,1032
1032,848
848,1032
1032,967
967,1032
1032,1335
1335,1032
1033,1174
1174,1033
1034,1178
1178,1034
1035,714
714,1035
1035,1216
1216,1035
1035,1218
1218,1035
1036,538
538,1036
1036,712
712,1036
1036,1662
1662,1036
1037,427
427,1037
1037,1028
1028,1037
1038,157
157,1038
1039,1354
1354,1039
1040,1354
1354,1040
1041,1321
1321,1041
1042,206
206,1042
1042,1028
1028,1042
1042,1037
1037,1042
1042,1043
1043,1042
1044,809
809,1044
1044,812
812,1044
1044,814
814,1044
1044,1341
1341,1044
1044,1365
1365,1044
1045,471
471,1045
1045,1540
1540,1045
1046,612
612,1046
1046,1121
1121,1046
1046,1345
1345,1046
1046,2706
2706,1046
1047,1344
1344,1047
1047,1345
1345,1047
1047,1348
1348,1047
1047,1354
1354,1047
1049,1292
1292,1049
1049,1329
1329,1049
1049,1498
1498,1049
1051,1052
1052,1051
1051,2576
2576,1051
1053,1191
1191,1053
1054,1249
1249,1054
1055,607
607,1055
1055,1059
1059,1055
1055,1284
1284,1055
1056,476
476,1056
1056,676
676,1056
1056,1014
1014,1056
1057,627
627,1057
1057,631
631,1057
1057,1307
1307,1057
1057,1359
1359,1057
1057,1484
1484,1057
1060,163
163,1060
1060,237
237,1060
1060,965
965,1060
1060,1136
1136,1060
1060,1523
1523,1060
1061,378
378,1061
1061,426
426,1061
1061,585
585,1061
1062,930
930,1062
1062,1254
1254,1062
1063,1136
1136,1063
1063,1153
1153,1063
1064,332
332,1064
1064,623
623,1064
1064,952
952,1064
1064,1937
1937,1064
1065,163
163,1065
1065,1063
1063,1065
1065,1106
1106,1065
1065,1153
1153,1065
1065,1305
1305,1065
1066,36
36,1066
1066,1052
1052,1066
1067,570
570,1067
1067,576
576,1067
1067,839
839,1067
1068,359
359,1068
1068,726
726,1068
1068,989
989,1068
1068,2499
2499,1068
1068,2500
2500,1068
1069,163
163,1069
1069,793
793,1069
1069,1685
1685,1069
1070,163
163,1070
1070,793
793,1070
1070,1016
1016,1070
1070,1153
1153,1070
1071,1292
1292,1071
1071,1329
1329,1071
1071,1498
1498,1071
1072,354
354,1072
1072,1520
1520,1072
1073,314
314,1073
1073,1112
1112,1073
1073,1182
1182,1073
1073,1569
1569,1073
1073,1636
1636,1073
1074,109
109,1074
1074,1174
1174,1074
1075,157
157,1075
1075,1340
1340,1075
1076,1078
1078,1076
1076,1086
1086,1076
1076,2461
2461,1076
1077,1153
1153,1077
1078,1076
1076,1078
1078,1086
1086,1078
1078,2461
2461,1078
1079,1389
1389,1079
1080,809
809,1080
1080,812
812,1080
1080,1129
1129,1080
1080,1321
1321,1080
1081,1082
1082,1081
1081,1259
1259,1081
1082,1259
1259,1082
1083,1660
1660,1083
1085,1292
1292,1085
1086,1240
1240,1086
1086,1527
1527,1086
1087,1512
1512,1087
1088,1565
1565,1088
1089,1354
1354,1089
1090,1023
1023,1090
1090,1029
1029,1090
1091,476
476,1091
1091,676
676,1091
1091,1014
1014,1091
1091,1288
1288,1091
1092,569
569,1092
1092,1484
1484,1092
1093,122
122,1093
1093,355
355,1093
1093,1659
1659,1093
1093,2085
2085,1093
1093,2228
2228,1093
1094,355
355,1094
1094,1659
1659,1094
1094,2085
2085,1094
1094,2228
2228,1094
1095,792
792,1095
1095,798
798,1095
1095,1360
1360,1095
1096,1069
1069,1096
1097,1393
1393,1097
1098,163
163,1098
1098,343
343,1098
1098,1305
1305,1098
1098,1911
1911,1098
1099,163
163,1099
1099,1178
1178,1099
1100,1464
1464,1100
1101,843
843,1101
1101,1111
1111,1101
1101,1328
1328,1101
1102,136
136,1102
1102,985
985,1102
1102,1174
1174,1102
1103,74
74,1103
1103,427
427,1103
1103,611
611,1103
1103,1079
1079,1103
1103,1579
1579,1103
1104,1260
1260,1104
1104,1262
1262,1104
1105,591
591,1105
1105,798
798,1105
1105,1026
1026,1105
1105,2356
2356,1105
1106,163
163,1106
1107,1328
1328,1107
1108,1503
1503,1108
1108,1504
1504,1108
1108,1506
1506,1108
1108,1507
1507,1108
1109,1328
1328,1109
1109,1570
1570,1109
1110,163
163,1110
1110,793
793,1110
1110,1016
1016,1110
1110,1728
1728,1110
1110,1729
1729,1110
1111,258
258,1111
1111,1328
1328,1111
1111,1339
1339,1111
1111,1570
1570,1111
1112,719
719,1112
1112,1618
1618,1112
1113,163
163,1113
1113,1153
1153,1113
1114,163
163,1114
1115,820
820,1115
1115,1252
1252,1115
1116,611
611,1116
1116,1593
1593,1116
1117,247
247,1117
1117,562
562,1117
1117,910
910,1117
1117,1114
1114,1117
1117,2089
2089,1117
1119,881
881,1119
1119,1203
1203,1119
1121,540
540,1121
1121,1344
1344,1121
1122,578
578,1122
1122,717
717,1122
1122,1534
1534,1122
1123,1354
1354,1123
1123,1674
1674,1123
1123,1680
1680,1123
1125,166
166,1125
1125,1496
1496,1125
1126,583
583,1126
1126,2371
2371,1126
1126,2372
2372,1126
1127,163
163,1127
1127,728
728,1127
1127,793
793,1127
1127,938
938,1127
1127,1153
1153,1127
1128,76
76,1128
1128,1288
1288,1128
1128,1393
1393,1128
1129,26
26,1129
1130,163
163,1130
1131,910
910,1131
1131,966
966,1131
1131,1253
1253,1131
1132,1309
1309,1132
1133,719
719,1133
1133,1666
1666,1133
1135,1174
1174,1135
1135,1442
1442,1135
1135,1444
1444,1135
1136,163
163,1136
1136,1523
1523,1136
1137,558
558,1137
1137,1459
1459,1137
1137,1687
1687,1137
1138,1121
1121,1138
1138,1344
1344,1138
1138,2706
2706,1138
1139,163
163,1139
1139,793
793,1139
1140,910
910,1140
1140,964
964,1140
1140,965
965,1140
1140,966
966,1140
1140,981
981,1140
1141,1172
1172,1141
1141,1240
1240,1141
1141,1241
1241,1141
1142,1018
1018,1142
1142,1136
1136,1142
1143,1404
1404,1143
1143,2165
2165,1143
1143,2429
2429,1143
1144,592
592,1144
1144,1509
1509,1144
1147,161
161,1147
1147,772
772,1147
1147,1240
1240,1147
1147,1241
1241,1147
1147,1347
1347,1147
1148,30
30,1148
1148,285
285,1148
1148,486
486,1148
1148,1534
1534,1148
1149,912
912,1149
1149,1891
1891,1149
1149,2044
2044,1149
1150,912
912,1150
1150,1149
1149,1150
1150,1630
1630,1150
1152,1453
1453,1152
1153,163
163,1153
1155,862
862,1155
1155,1328
1328,1155
1155,1601
1601,1155
1155,1812
1812,1155
1157,687
687,1157
1157,741
741,1157
1157,745
745,1157
1157,1700
1700,1157
1157,1704
1704,1157
1158,1550
1550,1158
1158,1555
1555,1158
1159,163
163,1159
1161,1560
1560,1161
1161,1592
1592,1161
1161,1702
1702,1161
1161,2423
2423,1161
1161,2657
2657,1161
1162,1613
1613,1162
1163,1497
1497,1163
1163,1498
1498,1163
1163,1534
1534,1163
1164,1570
1570,1164
1164,1626
1626,1164
1165,430
430,1165
1165,1327
1327,1165
1166,1160
1160,1166
1169,524
524,1169
1169,1284
1284,1169
1170,1198
1198,1170
1171,1050
1050,1171
1173,318
318,1173
1173,1328
1328,1173
1173,2583
2583,1173
1176,1123
1123,1176
1176,1285
1285,1176
1176,1354
1354,1176
1176,1592
1592,1176
1177,1519
1519,1177
1178,163
163,1178
1179,946
946,1179
1180,1177
1177,1180
1180,1620
1620,1180
1181,25
25,1181
1181,569
569,1181
1181,1431
1431,1181
1182,1010
1010,1182
1182,1569
1569,1182
1182,1578
1578,1182
1183,562
562,1183
1183,738
738,1183
1183,1193
1193,1183
1183,1202
1202,1183
1186,492
492,1186
1186,591
591,1186
1186,1268
1268,1186
1186,1309
1309,1186
1187,426
426,1187
1187,1234
1234,1187
1188,1123
1123,1188
1188,1354
1354,1188
1189,638
638,1189
1189,1643
1643,1189
1189,1687
1687,1189
1190,809
809,1190
1190,1129
1129,1190
1190,1321
1321,1190
1191,661
661,1191
1191,1290
1290,1191
1191,2423
2423,1191
1192,875
875,1192
1192,2150
2150,1192
1192,2473
2473,1192
1194,1122
1122,1194
1194,1621
1621,1194
1195,1203
1203,1195
1196,1038
1038,1196
1197,1053
1053,1197
1197,1290
1290,1197
1197,1484
1484,1197
1197,2634
2634,1197
1199,1550
1550,1199
1199,1702
1702,1199
1200,570
570,1200
1200,576
576,1200
1200,1520
1520,1200
1201,325
325,1201
1201,1240
1240,1201
1204,129
129,1204
1204,537
537,1204
1204,538
538,1204
1204,1153
1153,1204
1204,2624
2624,1204
1205,163
163,1205
1205,793
793,1205
1205,1016
1016,1205
1205,1153
1153,1205
1206,163
163,1206
1207,163
163,1207
1207,378
378,1207
1207,430
430,1207
1207,1333
1333,1207
1208,1429
1429,1208
1208,1434
1434,1208
1209,539
539,1209
1209,1215
1215,1209
1210,539
539,1210
1210,883
883,1210
1210,1453
1453,1210
1211,1058
1058,1211
1211,1520
1520,1211
1212,580
580,1212
1212,1126
1126,1212
1212,1497
1497,1212
1213,565
565,1213
1213,738
738,1213
1213,1649
1649,1213
1214,523
523,1214
1214,583
583,1214
1215,824
824,1215
1215,825
825,1215
1216,1719
1719,1216
1218,145
145,1218
1218,163
163,1218
1219,163
163,1219
1219,1153
1153,1219
1220,74
74,1220
1220,1484
1484,1220
1220,1608
1608,1220
1220,1618
1618,1220
1221,910
910,1221
1222,809
809,1222
1222,1129
1129,1222
1222,1321
1321,1222
1223,848
848,1223
1223,1335
1335,1223
1223,1422
1422,1223
1223,1607
1607,1223
1224,145
145,1224
1224,163
163,1224
1224,1333
1333,1224
1225,163
163,1225
1225,1117
1117,1225
1225,1333
1333,1225
1226,1234
1234,1226
1226,1290
1290,1226
1227,1236
1236,1227
1228,1649
1649,1228
1228,1687
1687,1228
1228,1688
1688,1228
1228,1693
1693,1228
1229,809
809,1229
1229,1615
1615,1229
1230,995
995,1230
1230,1178
1178,1230
1230,1231
1231,1230
1230,2470
2470,1230
1230,2598
2598,1230
1231,995
995,1231
1231,1178
1178,1231
1231,1495
1495,1231
1232,995
995,1232
1232,1178
1178,1232
1232,1231
1231,1232
1232,2211
2211,1232
1232,2598
2598,1232
1233,922
922,1233
1233,923
923,1233
1235,1512
1512,1235
1235,2508
2508,1235
1236,1227
1227,1236
1237,826
826,1237
1237,1422
1422,1237
1237,1457
1457,1237
1237,1484
1484,1237
1238,378
378,1238
1238,1290
1290,1238
1238,1550
1550,1238
1239,1387
1387,1239
1240,84
84,1240
1240,772
772,1240
1240,1241
1241,1240
1240,1527
1527,1240
1241,772
772,1241
1241,1240
1240,1241
1241,2559
2559,1241
1242,939
939,1242
1243,570
570,1243
1243,1245
1245,1243
1243,1524
1524,1243
1244,314
314,1244
1244,344
344,1244
1244,348
348,1244
1244,1061
1061,1244
1245,570
570,1245
1245,576
576,1245
1245,1520
1520,1245
1245,1524
1524,1245
1246,570
570,1246
1246,1520
1520,1246
1247,1211
1211,1247
1248,66
66,1248
1248,688
688,1248
1248,835
835,1248
1249,793
793,1249
1249,1473
1473,1249
1249,1474
1474,1249
1249,1728
1728,1249
1250,399
399,1250
1251,399
399,1251
1251,1250
1250,1251
1252,1477
1477,1252
1252,1485
1485,1252
1253,163
163,1253
1253,910
910,1253
1253,965
965,1253
1254,930
930,1254
1255,99
99,1255
1255,358
358,1255
1255,894
894,1255
1256,1019
1019,1256
1256,1644
1644,1256
1256,2675
2675,1256
1257,163
163,1257
1257,380
380,1257
1257,1153
1153,1257
1258,570
570,1258
1258,576
576,1258
1258,1520
1520,1258
1260,344
344,1260
1260,654
654,1260
1260,1269
1269,1260
1260,1312
1312,1260
1260,2090
2090,1260
1261,247
247,1261
1261,1114
1114,1261
1261,1117
1117,1261
1261,2089
2089,1261
1263,1234
1234,1263
1263,2585
2585,1263
1264,1134
1134,1264
1264,1738
1738,1264
1265,611
611,1265
1265,1725
1725,1265
1266,1301
1301,1266
1266,1663
1663,1266
1267,344
344,1267
1267,1512
1512,1267
1268,788
788,1268
1268,2419
2419,1268
1269,418
418,1269
1269,453
453,1269
1269,569
569,1269
1269,1312
1312,1269
1270,208
208,1270
1270,430
430,1270
1270,627
627,1270
1270,1335
1335,1270
1270,2342
2342,1270
1272,1281
1281,1272
1272,1282
1282,1272
1272,1346
1346,1272
1272,1451
1451,1272
1273,319
319,1273
1273,569
569,1273
1273,686
686,1273
1273,826
826,1273
1273,1422
1422,1273
1274,163
163,1274
1274,343
343,1274
1274,427
427,1274
1274,1303
1303,1274
1274,1305
1305,1274
1275,344
344,1275
1275,378
378,1275
1275,426
426,1275
1275,585
585,1275
1275,1234
1234,1275
1276,1503
1503,1276
1276,1504
1504,1276
1276,1506
1506,1276
1276,1525
1525,1276
1277,163
163,1277
1277,1533
1533,1277
1277,2152
2152,1277
1277,2470
2470,1277
1278,289
289,1278
1278,486
486,1278
1278,583
583,1278
1278,1534
1534,1278
1279,1065
1065,1279
1280,955
955,1280
1281,1282
1282,1281
1281,1346
1346,1281
1282,1281
1281,1282
1283,142
142,1283
1283,427
427,1283
1284,230
230,1284
1284,427
427,1284
1284,430
430,1284
1284,1283
1283,1284
1286,163
163,1286
1286,1136
1136,1286
1288,1461
1461,1288
1288,1593
1593,1288
1289,157
157,1289
1289,1452
1452,1289
1290,378
378,1290
1290,1019
1019,1290
1291,1548
1548,1291
1293,672
672,1293
1293,1592
1592,1293
1293,1600
1600,1293
1293,1606
1606,1293
1296,109
109,1296
1296,456
456,1296
1296,1198
1198,1296
1297,1174
1174,1297
1298,407
407,1298
1298,409
409,1298
1298,1285
1285,1298
1298,1592
1592,1298
1299,714
714,1299
1299,1216
1216,1299
1299,1218
1218,1299
1299,1392
1392,1299
1301,1595
1595,1301
1302,983
983,1302
1303,163
163,1303
1303,343
343,1303
1303,2202
2202,1303
1304,1354
1354,1304
1305,163
163,1305
1305,728
728,1305
1305,1016
1016,1305
1305,1106
1106,1305
1306,1050
1050,1306
1306,1310
1310,1306
1308,1503
1503,1308
1308,1504
1504,1308
1308,1506
1506,1308
1311,764
764,1311
1311,910
910,1311
1311,1140
1140,1311
1311,1253
1253,1311
1312,344
344,1312
1312,418
418,1312
1312,638
638,1312
1312,1269
1269,1312
1312,1428
1428,1312
1313,1005
1005,1313
1313,1382
1382,1313
1314,1529
1529,1314
1315,611
611,1315
1315,668
668,1315
1315,1079
1079,1315
1315,2452
2452,1315
1316,295
295,1316
1316,565
565,1316
1316,882
882,1316
1317,1354
1354,1317
1318,142
142,1318
1318,227
227,1318
1318,427
427,1318
1318,1283
1283,1318
1320,359
359,1320
1320,808
808,1320
1320,1300
1300,1320
1323,1062
1062,1323
1323,1145
1145,1323
1323,1149
1149,1323
1323,1150
1150,1323
1323,1195
1195,1323
1325,219
219,1325
1325,1175
1175,1325
1325,2170
2170,1325
1325,2309
2309,1325
1327,638
638,1327
1327,1569
1569,1327
1328,1644
1644,1328
1330,793
793,1330
1330,1167
1167,1330
1331,1167
1167,1331
1332,1167
1167,1332
1333,163
163,1333
1333,578
578,1333
1333,793
793,1333
1333,1136
1136,1333
1333,1467
1467,1333
1334,163
163,1334
1334,793
793,1334
1334,1130
1130,1334
1334,1696
1696,1334
1335,1267
1267,1335
1335,1337
1337,1335
1335,1339
1339,1335
1335,1512
1512,1335
1338,784
784,1338
1338,917
917,1338
1338,1015
1015,1338
1338,1654
1654,1338
1339,1678
1678,1339
1340,157
157,1340
1340,427
427,1340
1342,359
359,1342
1342,808
808,1342
1342,1300
1300,1342
1342,2454
2454,1342
1343,672
672,1343
1343,1003
1003,1343
1343,1004
1004,1343
1343,1363
1363,1343
1344,1046
1046,1344
1344,1047
1047,1344
1344,1345
1345,1344
1347,84
84,1347
1347,1240
1240,1347
1347,1241
1241,1347
1348,1535
1535,1348
1348,1537
1537,1348
1349,1217
1217,1349
1350,1151
1151,1350
1351,1498
1498,1351
1352,611
611,1352
1352,1672
1672,1352
1352,2674
2674,1352
1353,294
294,1353
1353,934
934,1353
1353,2302
2302,1353
1353,2317
2317,1353
1354,479
479,1354
1355,1047
1047,1355
1355,1148
1148,1355
1355,1640
1640,1355
1355,1648
1648,1355
1356,667
667,1356
1357,1461
1461,1357
1357,1511
1511,1357
1358,453
453,1358
1358,591
591,1358
1358,1567
1567,1358
1358,1661
1661,1358
1361,1463
1463,1361
1362,163
163,1362
1362,1178
1178,1362
1362,1184
1184,1362
1362,2175
2175,1362
1363,640
640,1363
1363,672
672,1363
1363,2653
2653,1363
1364,1003
1003,1364
1364,1004
1004,1364
1364,1343
1343,1364
1364,1363
1363,1364
1365,809
809,1365
1365,812
812,1365
1365,814
814,1365
1366,1373
1373,1366
1366,2373
2373,1366
1366,2374
2374,1366
1368,454
454,1368
1369,1333
1333,1369
1370,136
136,1370
1370,1102
1102,1370
1370,2692
2692,1370
1371,1114
1114,1371
1372,904
904,1372
1373,565
565,1373
1373,1718
1718,1373
1374,1548
1548,1374
1375,157
157,1375
1375,560
560,1375
1375,1452
1452,1375
1376,306
306,1376
1376,565
565,1376
1376,738
738,1376
1376,1546
1546,1376
1376,1727
1727,1376
1378,173
173,1378
1378,565
565,1378
1378,575
575,1378
1378,2485
2485,1378
1379,163
163,1379
1380,163
163,1380
1380,793
793,1380
1380,1113
1113,1380
1381,570
570,1381
1381,576
576,1381
1381,1524
1524,1381
1382,1285
1285,1382
1383,152
152,1383
1383,1384
1384,1383
1385,1706
1706,1385
1386,672
672,1386
1386,1715
1715,1386
1386,2360
2360,1386
1388,848
848,1388
1388,1025
1025,1388
1388,1027
1027,1388
1388,1586
1586,1388
1389,1050
1050,1389
1389,2707
2707,1389
1390,1491
1491,1390
1391,1319
1319,1391
1394,967
967,1394
1395,1541
1541,1395
1396,970
970,1396
1397,905
905,1397
1397,1287
1287,1397
1397,1393
1393,1397
1398,1383
1383,1398
1399,427
427,1399
1399,1463
1463,1399
1400,848
848,1400
1400,967
967,1400
1401,562
562,1401
1401,565
565,1401
1401,951
951,1401
1401,1554
1554,1401
1401,2605
2605,1401
1402,847
847,1402
1403,1112
1112,1403
1404,163
163,1404
1404,219
219,1404
1405,427
427,1405
1405,1463
1463,1405
1406,1463
1463,1406
1407,862
862,1407
1407,1155
1155,1407
1407,1626
1626,1407
1407,1812
1812,1407
1408,1249
1249,1408
1408,1931
1931,1408
1409,129
129,1409
1409,2220
2220,1409
1410,163
163,1410
1410,1153
1153,1410
1411,881
881,1411
1411,1203
1203,1411
1412,1111
1111,1412
1412,1328
1328,1412
1412,1431
1431,1412
1413,136
136,1413
1413,1102
1102,1413
1414,788
788,1414
1414,1268
1268,1414
1414,1287
1287,1414
1414,1288
1288,1414
1414,1393
1393,1414
1415,1504
1504,1415
1415,1506
1506,1415
1415,1525
1525,1415
1416,922
922,1416
1416,923
923,1416
1417,1421
1421,1417
1418,726
726,1418
1418,989
989,1418
1418,2499
2499,1418
1419,1550
1550,1419
1420,1047
1047,1420
1420,1138
1138,1420
1420,1354
1354,1420
1422,826
826,1422
1422,828
828,1422
1423,1328
1328,1423
1423,2583
2583,1423
1424,1218
1218,1424
1424,1530
1530,1424
1425,684
684,1425
1425,1550
1550,1425
1426,1354
1354,1426
1428,1601
1601,1428
1428,2329
2329,1428
1429,675
675,1429
1429,1601
1601,1429
1430,569
569,1430
1430,1356
1356,1430
1430,1484
1484,1430
1431,698
698,1431
1432,910
910,1432
1432,964
964,1432
1432,965
965,1432
1432,1573
1573,1432
1433,798
798,1433
1433,1026
1026,1433
1433,1095
1095,1433
1435,1028
1028,1435
1435,1042
1042,1435
1435,1043
1043,1435
1436,895
895,1436
1437,787
787,1437
1437,891
891,1437
1437,1287
1287,1437
1437,1393
1393,1437
1437,1593
1593,1437
1438,294
294,1438
1438,565
565,1438
1438,807
807,1438
1439,803
803,1439
1440,82
82,1440
1440,565
565,1440
1440,1378
1378,1440
1441,941
941,1441
1442,344
344,1442
1442,414
414,1442
1442,675
675,1442
1442,1444
1444,1442
1442,1445
1445,1442
1443,1540
1540,1443
1445,344
344,1445
1445,414
414,1445
1445,675
675,1445
1446,1282
1282,1446
1447,566
566,1447
1447,1515
1515,1447
1447,1581
1581,1447
1448,1621
1621,1448
1449,453
453,1449
1449,1025
1025,1449
1450,731
731,1450
1450,808
808,1450
1450,1710
1710,1450
1451,1281
1281,1451
1451,1346
1346,1451
1452,157
157,1452
1453,539
539,1453
1454,524
524,1454
1454,1169
1169,1454
1455,793
793,1455
1455,1069
1069,1455
1455,1153
1153,1455
1455,1685
1685,1455
1456,308
308,1456
1456,1095
1095,1456
1456,1343
1343,1456
1456,1469
1469,1456
1457,163
163,1457
1457,569
569,1457
1457,826
826,1457
1457,828
828,1457
1457,1462
1462,1457
1458,838
838,1458
1458,1714
1714,1458
1460,638
638,1460
1460,672
672,1460
1461,954
954,1461
1463,1053
1053,1463
1463,1512
1512,1463
1464,1254
1254,1464
1465,1354
1354,1465
1466,728
728,1466
1466,1016
1016,1466
1467,163
163,1467
1467,793
793,1467
1467,1333
1333,1467
1468,638
638,1468
1468,847
847,1468
1468,848
848,1468
1469,1003
1003,1469
1469,1004
1004,1469
1469,1364
1364,1469
1469,1661
1661,1469
1470,411
411,1470
1470,1037
1037,1470
1470,1464
1464,1470
1471,447
447,1471
1471,693
693,1471
1471,1281
1281,1471
1471,1282
1282,1471
1471,1633
1633,1471
1472,878
878,1472
1473,380
380,1473
1474,380
380,1474
1474,1473
1473,1474
1474,1728
1728,1474
1475,801
801,1475
1475,1642
1642,1475
1476,1178
1178,1476
1476,1277
1277,1476
1478,1335
1335,1478
1478,1336
1336,1478
1478,2338
2338,1478
1479,136
136,1479
1479,1102
1102,1479
1479,2017
2017,1479
1479,2543
2543,1479
1480,924
924,1480
1480,1532
1532,1480
1481,910
910,1481
1481,964
964,1481
1481,965
965,1481
1481,966
966,1481
1481,1573
1573,1481
1482,1484
1484,1482
1483,1123
1123,1483
1483,1125
1125,1483
1483,1498
1498,1483
1485,1159
1159,1485
1485,1252
1252,1485
1486,426
426,1486
1486,1008
1008,1486
1486,1569
1569,1486
1487,1528
1528,1487
1487,1532
1532,1487
1488,427
427,1488
1488,611
611,1488
1488,980
980,1488
1488,1490
1490,1488
1489,177
177,1489
1490,531
531,1490
1492,1050
1050,1492
1492,1724
1724,1492
1493,611
611,1493
1493,1732
1732,1493
1494,1282
1282,1494
1495,995
995,1495
1497,1126
1126,1497
1498,163
163,1498
1498,289
289,1498
1498,582
582,1498
1498,1534
1534,1498
1499,611
611,1499
1499,1050
1050,1499
1499,1306
1306,1499
1499,1310
1310,1499
1500,1238
1238,1500
1500,1267
1267,1500
1500,1484
1484,1500
1500,2180
2180,1500
1501,447
447,1501
1501,693
693,1501
1501,1471
1471,1501
1502,577
577,1502
1502,772
772,1502
1502,1288
1288,1502
1502,1393
1393,1502
1504,1308
1308,1504
1504,1503
1503,1504
1504,1506
1506,1504
1505,251
251,1505
1505,865
865,1505
1507,1308
1308,1507
1507,1503
1503,1507
1507,1504
1504,1507
1507,1506
1506,1507
1508,668
668,1508
1508,1724
1724,1508
1509,592
592,1509
1510,790
790,1510
1510,1234
1234,1510
1510,2057
2057,1510
1512,1112
1112,1512
1512,1335
1335,1512
1513,634
634,1513
1513,785
785,1513
1513,862
862,1513
1513,1328
1328,1513
1513,1812
1812,1513
1514,429
429,1514
1514,1333
1333,1514
1515,163
163,1515
1515,961
961,1515
1515,988
988,1515
1516,833
833,1516
1516,1136
1136,1516
1516,1218
1218,1516
1517,1612
1612,1517
1518,1536
1536,1518
1521,70
70,1521
1521,1185
1185,1521
1521,1237
1237,1521
1521,1484
1484,1521
1522,569
569,1522
1522,1484
1484,1522
1523,880
880,1523
1524,570
570,1524
1524,576
576,1524
1524,1520
1520,1524
1525,1503
1503,1525
1525,1504
1504,1525
1525,1506
1506,1525
1526,576
576,1526
1526,839
839,1526
1526,1520
1520,1526
1526,1524
1524,1526
1527,1894
1894,1527
1528,426
426,1528
1529,565
565,1529
1530,145
145,1530
1530,163
163,1530
1530,1218
1218,1530
1530,2089
2089,1530
1531,66
66,1531
1531,887
887,1531
1531,983
983,1531
1531,1154
1154,1531
1532,327
327,1532
1532,558
558,1532
1532,577
577,1532
1532,782
782,1532
1533,846
846,1533
1535,1537
1537,1535
1536,163
163,1536
1536,207
207,1536
1536,1728
1728,1536
1538,1724
1724,1538
1539,638
638,1539
1540,565
565,1540
1540,1118
1118,1540
1540,1378
1378,1540
1540,1459
1459,1540
1543,1324
1324,1543
1543,1527
1527,1543
1544,163
163,1544
1544,566
566,1544
1544,1206
1206,1544
1545,1086
1086,1545
1545,1582
1582,1545
1545,1909
1909,1545
1546,63
63,1546
1546,565
565,1546
1547,142
142,1547
1547,227
227,1547
1547,427
427,1547
1547,1283
1283,1547
1548,76
76,1548
1549,339
339,1549
1549,1602
1602,1549
1550,84
84,1550
1550,157
157,1550
1550,1238
1238,1550
1550,1419
1419,1550
1550,1427
1427,1550
1552,1212
1212,1552
1552,1553
1553,1552
1552,1554
1554,1552
1553,82
82,1553
1553,1554
1554,1553
1555,558
558,1555
1555,1550
1550,1555
1556,1534
1534,1556
1556,1537
1537,1556
1557,650
650,1557
1557,691
691,1557
1557,1649
1649,1557
1557,1687
1687,1557
1558,163
163,1558
1558,1136
1136,1558
1559,71
71,1559
1559,740
740,1559
1559,1697
1697,1559
1559,1703
1703,1559
1559,2658
2658,1559
1561,967
967,1561
1562,627
627,1562
1562,631
631,1562
1563,803
803,1563
1564,611
611,1564
1564,687
687,1564
1564,745
745,1564
1564,1672
1672,1564
1566,453
453,1566
1566,1124
1124,1566
1566,1567
1567,1566
1567,1124
1124,1567
1567,1566
1566,1567
1568,430
430,1568
1568,1053
1053,1568
1568,1328
1328,1568
1570,1339
1339,1570
1570,1678
1678,1570
1571,163
163,1571
1571,343
343,1571
1571,1216
1216,1571
1571,1218
1218,1571
1571,2202
2202,1571
1572,163
163,1572
1572,1139
1139,1572
1573,163
163,1573
1573,910
910,1573
1575,163
163,1575
1575,1136
1136,1575
1575,1305
1305,1575
1576,375
375,1576
1576,426
426,1576
1576,1266
1266,1576
1576,1595
1595,1576
1577,343
343,1577
1577,427
427,1577
1577,658
658,1577
1577,1580
1580,1577
1578,1061
1061,1578
1580,689
689,1580
1580,1625
1625,1580
1581,764
764,1581
1581,1515
1515,1581
1582,1086
1086,1582
1582,1908
1908,1582
1582,1909
1909,1582
1582,2017
2017,1582
1584,1164
1164,1584
1584,1328
1328,1584
1584,1626
1626,1584
1584,2037
2037,1584
1584,2151
2151,1584
1585,565
565,1585
1585,738
738,1585
1585,804
804,1585
1587,1569
1569,1587
1588,1114
1114,1588
1588,1117
1117,1588
1588,2334
2334,1588
1589,910
910,1589
1590,163
163,1590
1590,910
910,1590
1590,965
965,1590
1591,871
871,1591
1591,954
954,1591
1591,1050
1050,1591
1593,1116
1116,1593
1593,1461
1461,1593
1594,163
163,1594
1594,1136
1136,1594
1596,314
314,1596
1596,348
348,1596
1596,1244
1244,1596
1597,486
486,1597
1597,1138
1138,1597
1597,1148
1148,1597
1597,1534
1534,1597
1598,1139
1139,1598
1598,1572
1572,1598
1599,671
671,1599
1599,1697
1697,1599
1600,411
411,1600
1601,1644
1644,1601
1601,2423
2423,1601
1602,339
339,1602
1602,971
971,1602
1602,1326
1326,1602
1603,1114
1114,1603
1603,1117
1117,1603
1603,2089
2089,1603
1604,1272
1272,1604
1604,1281
1281,1604
1604,1451
1451,1604
1605,1491
1491,1605
1606,409
409,1606
1606,826
826,1606
1607,848
848,1607
1607,1053
1053,1607
1607,1223
1223,1607
1607,1335
1335,1607
1608,1512
1512,1608
1609,1569
1569,1609
1610,1028
1028,1610
1610,1037
1037,1610
1611,100
100,1611
1611,163
163,1611
1611,1153
1153,1611
1611,1379
1379,1611
1611,1380
1380,1611
1613,99
99,1613
1613,784
784,1613
1613,1614
1614,1613
1613,1619
1619,1613
1614,1613
1613,1614
1614,1619
1619,1614
1615,809
809,1615
1616,523
523,1616
1616,565
565,1616
1616,882
882,1616
1617,236
236,1617
1617,430
430,1617
1617,1107
1107,1617
1619,99
99,1619
1619,1722
1722,1619
1619,1723
1723,1619
1620,1177
1177,1620
1621,752
752,1621
1622,344
344,1622
1622,1312
1312,1622
1622,1322
1322,1622
1622,1428
1428,1622
1622,1578
1578,1622
1623,1313
1313,1623
1624,1550
1550,1624
1627,344
344,1627
1627,479
479,1627
1627,1177
1177,1627
1628,1063
1063,1628
1628,1175
1175,1628
1630,1195
1195,1630
1630,1203
1203,1630
1631,934
934,1631
1631,2330
2330,1631
1631,2407
2407,1631
1631,2598
2598,1631
1631,2604
2604,1631
1632,68
68,1632
1632,471
471,1632
1632,1687
1687,1632
1634,74
74,1634
1634,1252
1252,1634
1635,1214
1214,1635
1637,157
157,1637
1637,430
430,1637
1637,1562
1562,1637
1638,1441
1441,1638
1639,809
809,1639
1639,1615
1615,1639
1640,540
540,1640
1640,1121
1121,1640
1640,1345
1345,1640
1640,2706
2706,1640
1641,71
71,1641
1641,558
558,1641
1641,1086
1086,1641
1642,986
986,1642
1642,1377
1377,1642
1642,1475
1475,1642
1643,566
566,1643
1643,649
649,1643
1643,1649
1649,1643
1644,378
378,1644
1644,1290
1290,1644
1644,2423
2423,1644
1645,477
477,1645
1647,1908
1908,1647
1647,2586
2586,1647
1647,2615
2615,1647
1650,163
163,1650
1650,1466
1466,1650
1651,877
877,1651
1651,1010
1010,1651
1651,1061
1061,1651
1651,1578
1578,1651
1652,1659
1659,1652
1653,1385
1385,1653
1655,1313
1313,1655
1657,1307
1307,1657
1657,1422
1422,1657
1657,1462
1462,1657
1657,1595
1595,1657
1661,109
109,1661
1661,453
453,1661
1661,791
791,1661
1661,1358
1358,1661
1664,740
740,1664
1664,804
804,1664
1664,1559
1559,1664
1664,1697
1697,1664
1665,539
539,1665
1665,883
883,1665
1666,719
719,1666
1667,740
740,1667
1667,1697
1697,1667
1668,611
611,1668
1668,1488
1488,1668
1668,1910
1910,1668
1668,2378
2378,1668
1669,1236
1236,1669
1670,1016
1016,1670
1670,1218
1218,1670
1671,344
344,1671
1671,1512
1512,1671
1672,294
294,1672
1672,696
696,1672
1673,910
910,1673
1673,964
964,1673
1673,965
965,1673
1673,966
966,1673
1673,1573
1573,1673
1674,1354
1354,1674
1675,163
163,1675
1675,1153
1153,1675
1676,74
74,1676
1676,207
207,1676
1676,523
523,1676
1676,565
565,1676
1676,1146
1146,1676
1677,1120
1120,1677
1678,378
378,1678
1679,627
627,1679
1679,1569
1569,1679
1680,1354
1354,1680
1680,1674
1674,1680
1681,1682
1682,1681
1682,1681
1681,1682
1683,740
740,1683
1683,1198
1198,1683
1683,1559
1559,1683
1683,1697
1697,1683
1684,314
314,1684
1684,1182
1182,1684
1684,1569
1569,1684
1684,1636
1636,1684
1684,1647
1647,1684
1685,163
163,1685
1685,1069
1069,1685
1686,837
837,1686
1686,2282
2282,1686
1686,2426
2426,1686
1687,523
523,1687
1687,898
898,1687
1687,1459
1459,1687
1687,1649
1649,1687
1688,1178
1178,1688
1689,163
163,1689
1689,219
219,1689
1689,538
538,1689
1690,995
995,1690
1690,1178
1178,1690
1690,1736
1736,1690
1691,163
163,1691
1691,422
422,1691
1691,793
793,1691
1692,70
70,1692
1692,228
228,1692
1692,1484
1484,1692
1694,793
793,1694
1694,1455
1455,1694
1695,1354
1354,1695
1696,163
163,1696
1696,1114
1114,1696
1698,66
66,1698
1698,430
430,1698
1698,686
686,1698
1698,1626
1626,1698
1698,2597
2597,1698
1699,1215
1215,1699
1699,2656
2656,1699
1700,687
687,1700
1700,745
745,1700
1701,33
33,1701
1701,36
36,1701
1701,832
832,1701
1701,1591
1591,1701
1703,740
740,1703
1703,1697
1697,1703
1704,687
687,1704
1704,745
745,1704
1705,459
459,1705
1705,1364
1364,1705
1705,1469
1469,1705
1705,2356
2356,1705
1706,1635
1635,1706
1707,824
824,1707
1707,825
825,1707
1707,1215
1215,1707
1708,1333
1333,1708
1709,59
59,1709
1709,570
570,1709
1709,839
839,1709
1709,1520
1520,1709
1710,576
576,1710
1710,1656
1656,1710
1711,1515
1515,1711
1711,1581
1581,1711
1712,453
453,1712
1712,569
569,1712
1712,1025
1025,1712
1712,1290
1290,1712
1713,41
41,1713
1713,1716
1716,1713
1713,2002
2002,1713
1715,163
163,1715
1715,793
793,1715
1716,1713
1713,1716
1716,2153
2153,1716
1717,163
163,1717
1717,941
941,1717
1717,1380
1380,1717
1717,1441
1441,1717
1718,157
157,1718
1718,1079
1079,1718
1719,1257
1257,1719
1719,1911
1911,1719
1719,2175
2175,1719
1719,2261
2261,1719
1720,849
849,1720
1721,1569
1569,1721
1722,99
99,1722
1722,1723
1723,1722
1724,1079
1079,1724
1725,1265
1265,1725
1726,314
314,1726
1726,1182
1182,1726
1726,1569
1569,1726
1726,1679
1679,1726
1726,1684
1684,1726
1727,565
565,1727
1727,738
738,1727
1728,163
163,1728
1729,163
163,1729
1729,1016
1016,1729
1730,1034
1034,1730
1730,1533
1533,1730
1731,888
888,1731
1732,611
611,1732
1732,1644
1644,1732
1732,2423
2423,1732
1733,41
41,1733
1733,904
904,1733
1734,163
163,1734
1734,793
793,1734
1734,1249
1249,1734
1734,1592
1592,1734
1734,1715
1715,1734
1735,983
983,1735
1735,1002
1002,1735
1735,1626
1626,1735
1736,1178
1178,1736
1736,1737
1737,1736
1737,380
380,1737
1737,415
415,1737
1737,1178
1178,1737
1738,219
219,1738
1738,538
538,1738
1738,1689
1689,1738
1739,641
641,1739
1739,848
848,1739
1740,1136
1136,1740
1740,1305
1305,1740
1741,565
565,1741
1741,738
738,1741
1741,1841
1841,1741
1742,2456
2456,1742
1743,2192
2192,1743
1744,2041
2041,1744
1745,2175
2175,1745
1745,2641
2641,1745
1747,419
419,1747
1747,1324
1324,1747
1747,1326
1326,1747
1747,1527
1527,1747
1747,2559
2559,1747
1748,456
456,1748
1748,2182
2182,1748
1749,2164
2164,1749
1750,2106
2106,1750
1752,2706
2706,1752
1753,2268
2268,1753
1754,1867
1867,1754
1754,1869
1869,1754
1755,611
611,1755
1755,2432
2432,1755
1756,168
168,1756
1756,745
745,1756
1756,1663
1663,1756
1756,2603
2603,1756
1756,2613
2613,1756
1757,1268
1268,1757
1757,2221
2221,1757
1757,2341
2341,1757
1758,2412
2412,1758
1759,2697
2697,1759
1759,2698
2698,1759
1760,427
427,1760
1760,1879
1879,1760
1762,571
571,1762
1762,2495
2495,1762
1763,407
407,1763
1763,611
611,1763
1763,639
639,1763
1763,745
745,1763
1763,2611
2611,1763
1764,1770
1770,1764
1765,1770
1770,1765
1766,427
427,1766
1766,477
477,1766
1766,1810
1810,1766
1769,1696
1696,1769
1769,2330
2330,1769
1771,1696
1696,1771
1771,1775
1775,1771
1772,2307
2307,1772
1772,2351
2351,1772
1774,990
990,1774
1774,1891
1891,1774
1774,1968
1968,1774
1774,2619
2619,1774
1775,163
163,1775
1775,1728
1728,1775
1775,1793
1793,1775
1775,1795
1795,1775
1776,136
136,1776
1776,1595
1595,1776
1776,2543
2543,1776
1777,1802
1802,1777
1778,731
731,1778
1778,2024
2024,1778
1782,134
134,1782
1782,295
295,1782
1782,565
565,1782
1782,566
566,1782
1782,2328
2328,1782
1783,48
48,1783
1783,2348
2348,1783
1784,163
163,1784
1784,380
380,1784
1784,1184
1184,1784
1785,2564
2564,1785
1786,2207
2207,1786
1787,359
359,1787
1787,2499
2499,1787
1787,2676
2676,1787
1788,1795
1795,1788
1788,2178
2178,1788
1788,2181
2181,1788
1790,22
22,1790
1790,415
415,1790
1790,523
523,1790
1790,565
565,1790
1790,2334
2334,1790
1791,682
682,1791
1791,1559
1559,1791
1791,1859
1859,1791
1792,163
163,1792
1792,430
430,1792
1792,582
582,1792
1792,2067
2067,1792
1793,2178
2178,1793
1793,2181
2181,1793
1795,1793
1793,1795
1795,1794
1794,1795
1795,2178
2178,1795
1795,2181
2181,1795
1797,1221
1221,1797
1797,1409
1409,1797
1797,2200
2200,1797
1799,163
163,1799
1799,727
727,1799
1799,1424
1424,1799
1799,2205
2205,1799
1800,1994
1994,1800
1800,1995
1995,1800
1801,576
576,1801
1801,1067
1067,1801
1801,1821
1821,1801
1803,84
84,1803
1803,99
99,1803
1804,1805
1805,1804
1806,2570
2570,1806
1807,163
163,1807
1807,2490
2490,1807
1808,638
638,1808
1808,2210
2210,1808
1809,2071
2071,1809
1809,2585
2585,1809
1811,204
204,1811
1811,427
427,1811
1811,2410
2410,1811
1813,503
503,1813
1813,1818
1818,1813
1813,2393
2393,1813
1814,570
570,1814
1814,576
576,1814
1814,834
834,1814
1814,1067
1067,1814
1814,1801
1801,1814
1815,253
253,1815
1815,489
489,1815
1816,558
558,1816
1816,559
559,1816
1816,566
566,1816
1816,1934
1934,1816
1816,2485
2485,1816
1819,1781
1781,1819
1822,1656
1656,1822
1822,2662
2662,1822
1824,102
102,1824
1824,1595
1595,1824
1824,2006
2006,1824
1824,2675
2675,1824
1825,68
68,1825
1825,121
121,1825
1825,978
978,1825
1825,979
979,1825
1825,1966
1966,1825
1826,689
689,1826
1826,2630
2630,1826
1827,299
299,1827
1827,574
574,1827
1828,567
567,1828
1828,2014
2014,1828
1828,2018
2018,1828
1829,2421
2421,1829
1830,2466
2466,1830
1830,2585
2585,1830
1831,163
163,1831
1832,55
55,1832
1832,415
415,1832
1832,1831
1831,1832
1832,1836
1836,1832
1832,2334
2334,1832
1833,2367
2367,1833
1835,2011
2011,1835
1835,2182
2182,1835
1836,415
415,1836
1836,1831
1831,1836
1836,1832
1832,1836
1836,2334
2334,1836
1837,382
382,1837
1837,2132
2132,1837
1838,485
485,1838
1838,719
719,1838
1838,1908
1908,1838
1838,2380
2380,1838
1842,1268
1268,1842
1842,1757
1757,1842
1842,2341
2341,1842
1845,68
68,1845
1845,1844
1844,1845
1846,1847
1847,1846
1846,1927
1927,1846
1846,2537
2537,1846
1850,163
163,1850
1851,503
503,1851
1851,1896
1896,1851
1852,99
99,1852
1852,2592
2592,1852
1854,75
75,1854
1854,1855
1855,1854
1854,1864
1864,1854
1854,2299
2299,1854
1855,75
75,1855
1855,1854
1854,1855
1855,1864
1864,1855
1855,2075
2075,1855
1855,2299
2299,1855
1856,2421
2421,1856
1857,125
125,1857
1857,160
160,1857
1857,2020
2020,1857
1857,2540
2540,1857
1858,2481
2481,1858
1858,2528
2528,1858
1859,471
471,1859
1859,554
554,1859
1859,565
565,1859
1859,621
621,1859
1860,2428
2428,1860
1860,2430
2430,1860
1860,2658
2658,1860
1861,1853
1853,1861
1862,1595
1595,1862
1862,1644
1644,1862
1862,1964
1964,1862
1862,2675
2675,1862
1863,1595
1595,1863
1863,1644
1644,1863
1863,1862
1862,1863
1863,1964
1964,1863
1864,2276
2276,1864
1865,2107
2107,1865
1867,1718
1718,1867
1868,2421
2421,1868
1870,1713
1713,1870
1870,2362
2362,1870
1871,359
359,1871
1871,2499
2499,1871
1872,163
163,1872
1872,1257
1257,1872
1872,1696
1696,1872
1872,1771
1771,1872
1875,407
407,1875
1875,1891
1891,1875
1875,2553
2553,1875
1876,2634
2634,1876
1877,251
251,1877
1877,414
414,1877
1877,578
578,1877
1877,717
717,1877
1877,2215
2215,1877
1878,2624
2624,1878
1880,2302
2302,1880
1881,344
344,1881
1881,2449
2449,1881
1881,2450
2450,1881
1882,1989
1989,1882
1883,2177
2177,1883
1884,1885
1885,1884
1886,745
745,1886
1886,1884
1884,1886
1886,1885
1885,1886
1887,1902
1902,1887
1888,109
109,1888
1888,507
507,1888
1888,2427
2427,1888
1889,562
562,1889
1889,730
730,1889
1889,2586
2586,1889
1889,2648
2648,1889
1890,163
163,1890
1890,1060
1060,1890
1890,2039
2039,1890
1891,58
58,1891
1891,200
200,1891
1891,206
206,1891
1891,411
411,1891
1893,102
102,1893
1893,1908
1908,1893
1895,102
102,1895
1895,638
638,1895
1895,1893
1893,1895
1896,496
496,1896
1896,2393
2393,1896
1897,25
25,1897
1897,640
640,1897
1897,732
732,1897
1897,1003
1003,1897
1898,1268
1268,1898
1898,2108
2108,1898
1899,327
327,1899
1899,2292
2292,1899
1900,2492
2492,1900
1901,1800
1800,1901
1901,2301
2301,1901
1902,1884
1884,1902
1902,1885
1885,1902
1902,1886
1886,1902
1903,2612
2612,1903
1904,643
643,1904
1904,2556
2556,1904
1905,55
55,1905
1905,163
163,1905
1905,1834
1834,1905
1907,1800
1800,1907
1907,1995
1995,1907
1907,2301
2301,1907
1910,2661
2661,1910
1913,1803
1803,1913
1914,427
427,1914
1914,2176
2176,1914
1917,1796
1796,1917
1917,2334
2334,1917
1918,1290
1290,1918
1918,2329
2329,1918
1919,638
638,1919
1919,1007
1007,1919
1919,2426
2426,1919
1920,1874
1874,1920
1921,523
523,1921
1921,1408
1408,1921
1921,1931
1931,1921
1921,2402
2402,1921
1922,570
570,1922
1922,576
576,1922
1923,71
71,1923
1923,1928
1928,1923
1923,2114
2114,1923
1923,2227
2227,1923
1924,345
345,1924
1924,2040
2040,1924
1924,2327
2327,1924
1925,2133
2133,1925
1925,2206
2206,1925
1925,2392
2392,1925
1926,1941
1941,1926
1927,1846
1846,1927
1927,1847
1847,1927
1927,2537
2537,1927
1928,74
74,1928
1928,667
667,1928
1928,2124
2124,1928
1928,2570
2570,1928
1930,2512
2512,1930
1931,523
523,1931
1931,2624
2624,1931
1932,18
18,1932
1932,576
576,1932
1932,745
745,1932
1932,1912
1912,1932
1932,2024
2024,1932
1933,748
748,1933
1933,2660
2660,1933
1934,76
76,1934
1934,423
423,1934
1934,558
558,1934
1934,2463
2463,1934
1935,611
611,1935
1935,2499
2499,1935
1937,107
107,1937
1937,389
389,1937
1937,623
623,1937
1937,1064
1064,1937
1937,2293
2293,1937
1938,1764
1764,1938
1938,1765
1765,1938
1938,1770
1770,1938
1939,2307
2307,1939
1940,860
860,1940
1940,2175
2175,1940
1940,2220
2220,1940
1942,2573
2573,1942
1943,163
163,1943
1943,1696
1696,1943
1943,1936
1936,1943
1944,1259
1259,1944
1944,2091
2091,1944
1945,342
342,1945
1945,729
729,1945
1945,1993
1993,1945
1948,1746
1746,1948
1949,1960
1960,1949
1950,2220
2220,1950
1950,2226
2226,1950
1951,2303
2303,1951
1952,503
503,1952
1952,2393
2393,1952
1953,2107
2107,1953
1955,2149
2149,1955
1955,2190
2190,1955
1955,2194
2194,1955
1956,735
735,1956
1956,2527
2527,1956
1956,2649
2649,1956
1957,565
565,1957
1957,2536
2536,1957
1958,2220
2220,1958
1958,2226
2226,1958
1959,120
120,1959
1959,177
177,1959
1959,2259
2259,1959
1961,2527
2527,1961
1962,574
574,1962
1962,1827
1827,1962
1962,2509
2509,1962
1963,286
286,1963
1963,378
378,1963
1964,102
102,1964
1964,1595
1595,1964
1964,1644
1644,1964
1964,1862
1862,1964
1964,2675
2675,1964
1965,712
712,1965
1965,757
757,1965
1965,2089
2089,1965
1967,2346
2346,1967
1970,2486
2486,1970
1971,163
163,1971
1971,995
995,1971
1971,1696
1696,1971
1971,2211
2211,1971
1972,2620
2620,1972
1973,129
129,1973
1973,247
247,1973
1973,2451
2451,1973
1974,36
36,1974
1974,667
667,1974
1974,2227
2227,1974
1975,427
427,1975
1975,565
565,1975
1975,2655
2655,1975
1976,1854
1854,1976
1977,2153
2153,1977
1977,2219
2219,1977
1977,2318
2318,1977
1977,2510
2510,1977
1978,1713
1713,1978
1978,2510
2510,1978
1979,68
68,1979
1979,1844
1844,1979
1979,1845
1845,1979
1981,1915
1915,1981
1982,41
41,1982
1982,1713
1713,1982
1982,1716
1716,1982
1982,2153
2153,1982
1984,2206
2206,1984
1984,2379
2379,1984
1985,995
995,1985
1985,1231
1231,1985
1985,2065
2065,1985
1986,70
70,1986
1986,569
569,1986
1986,1329
1329,1986
1986,2338
2338,1986
1986,2462
2462,1986
1987,2607
2607,1987
1988,2401
2401,1988
1990,121
121,1990
1991,1713
1713,1991
1991,1716
1716,1991
1991,2510
2510,1991
1992,1713
1713,1992
1992,2153
2153,1992
1993,276
276,1993
1993,342
342,1993
1993,729
729,1993
1995,1800
1800,1995
1995,1994
1994,1995
1997,1996
1996,1997
1998,1873
1873,1998
1999,427
427,1999
1999,2003
2003,1999
2000,467
467,2000
2000,2115
2115,2000
2001,833
833,2001
2001,1796
1796,2001
2002,1713
1713,2002
2002,2153
2153,2002
2002,2510
2510,2002
2003,1999
1999,2003
2004,672
672,2004
2004,2040
2040,2004
2004,2360
2360,2004
2007,68
68,2007
2007,1779
1779,2007
2007,1780
1780,2007
2008,2022
2022,2008
2008,2153
2153,2008
2008,2219
2219,2008
2010,2447
2447,2010
2012,102
102,2012
2012,378
378,2012
2012,2135
2135,2012
2013,74
74,2013
2014,562
562,2014
2015,2092
2092,2015
2015,2327
2327,2015
2016,1800
1800,2016
2018,562
562,2018
2018,1828
1828,2018
2018,2014
2014,2018
2019,157
157,2019
2021,157
157,2021
2021,2428
2428,2021
2022,2008
2008,2022
2022,2153
2153,2022
2022,2219
2219,2022
2023,2135
2135,2023
2025,2153
2153,2025
2026,570
570,2026
2026,576
576,2026
2026,1922
1922,2026
2026,2552
2552,2026
2027,465
465,2027
2027,565
565,2027
2027,636
636,2027
2027,2409
2409,2027
2028,308
308,2028
2028,1003
1003,2028
2028,2653
2653,2028
2029,503
503,2029
2029,1818
1818,2029
2029,1952
1952,2029
2029,2393
2393,2029
2030,2128
2128,2030
2030,2130
2130,2030
2030,2131
2131,2030
2031,2171
2171,2031
2032,344
344,2032
2033,430
430,2033
2033,2622
2622,2033
2034,453
453,2034
2034,558
558,2034
2034,577
577,2034
2034,2015
2015,2034
2034,2327
2327,2034
2035,858
858,2035
2035,1084
1084,2035
2035,2303
2303,2035
2036,2696
2696,2036
2038,985
985,2038
2038,2692
2692,2038
2039,163
163,2039
2039,1060
1060,2039
2039,1890
1890,2039
2039,2254
2254,2039
2040,574
574,2040
2040,1006
1006,2040
2040,2360
2360,2040
2042,378
378,2042
2042,2428
2428,2042
2043,2270
2270,2043
2044,427
427,2044
2045,638
638,2045
2046,268
268,2046
2046,2107
2107,2046
2048,1854
1854,2048
2050,611
611,2050
2050,2378
2378,2050
2051,1969
1969,2051
2052,1483
1483,2052
2053,109
109,2053
2053,488
488,2053
2053,2054
2054,2053
2053,2685
2685,2053
2053,2690
2690,2053
2054,109
109,2054
2054,640
640,2054
2057,2215
2215,2057
2059,453
453,2059
2059,2651
2651,2059
2060,857
857,2060
2060,1483
1483,2060
2062,2052
2052,2062
2062,2060
2060,2062
2062,2061
2061,2062
2062,2066
2066,2062
2063,2494
2494,2063
2064,1777
1777,2064
2064,1802
1802,2064
2066,159
159,2066
2066,985
985,2066
2066,2674
2674,2066
2068,355
355,2068
2068,2228
2228,2068
2069,260
260,2069
2072,36
36,2072
2072,667
667,2072
2072,2227
2227,2072
2073,1818
1818,2073
2074,1636
1636,2074
2074,1647
1647,2074
2074,2607
2607,2074
2074,2615
2615,2074
2076,772
772,2076
2076,1324
1324,2076
2076,1527
1527,2076
2076,2559
2559,2076
2077,163
163,2077
2077,743
743,2077
2077,744
744,2077
2077,2030
2030,2077
2078,295
295,2078
2078,1459
1459,2078
2078,1983
1983,2078
2078,2406
2406,2078
2078,2474
2474,2078
2079,1428
1428,2079
2080,1290
1290,2080
2080,2329
2329,2080
2081,1910
1910,2081
2082,1775
1775,2082
2082,1793
1793,2082
2082,1795
1795,2082
2083,299
299,2083
2083,1827
1827,2083
2083,2511
2511,2083
2085,2228
2228,2085
2086,1231
1231,2086
2086,2065
2065,2086
2087,1257
1257,2087
2087,1911
1911,2087
2087,2175
2175,2087
2087,2261
2261,2087
2088,1527
1527,2088
2090,2530
2530,2090
2091,1539
1539,2091
2091,2438
2438,2091
2092,453
453,2092
2093,283
283,2093
2093,1990
1990,2093
2094,2164
2164,2094
2095,157
157,2095
2095,2056
2056,2095
2096,2142
2142,2096
2097,1994
1994,2097
2097,1995
1995,2097
2098,453
453,2098
2099,453
453,2099
2099,456
456,2099
2099,569
569,2099
2099,2098
2098,2099
2100,1961
1961,2100
2100,2527
2527,2100
2102,144
144,2102
2102,189
189,2102
2103,415
415,2103
2103,2334
2334,2103
2104,403
403,2104
2104,2302
2302,2104
2105,2621
2621,2105
2106,735
735,2106
2106,2649
2649,2106
2108,1172
1172,2108
2109,2185
2185,2109
2110,299
299,2110
2110,1827
1827,2110
2111,2047
2047,2111
2111,2302
2302,2111
2113,2586
2586,2113
2114,1928
1928,2114
2114,2124
2124,2114
2116,163
163,2116
2116,1775
1775,2116
2118,565
565,2118
2120,1798
1798,2120
2122,66
66,2122
2122,75
75,2122
2122,1854
1854,2122
2122,1855
1855,2122
2122,1864
1864,2122
2123,649
649,2123
2124,74
74,2124
2125,2116
2116,2125
2126,426
426,2126
2126,2426
2426,2126
2127,1329
1329,2127
2127,2338
2338,2127
2131,1892
1892,2131
2132,382
382,2132
2136,2148
2148,2136
2137,430
430,2137
2137,431
431,2137
2137,2508
2508,2137
2138,1718
1718,2138
2138,2285
2285,2138
2139,995
995,2139
2139,2220
2220,2139
2139,2226
2226,2139
2140,623
623,2140
2140,1268
1268,2140
2140,1898
1898,2140
2140,2108
2108,2140
2140,2292
2292,2140
2141,2418
2418,2141
2141,2511
2511,2141
2143,2181
2181,2143
2144,1326
1326,2144
2144,1894
1894,2144
2145,2408
2408,2145
2146,638
638,2146
2146,1003
1003,2146
2146,1004
1004,2146
2146,1897
1897,2146
2146,2182
2182,2146
2147,2019
2019,2147
2147,2498
2498,2147
2147,2499
2499,2147
2148,2136
2136,2148
2149,2190
2190,2149
2149,2194
2194,2149
2150,1954
1954,2150
2150,2179
2179,2150
2150,2222
2222,2150
2150,2305
2305,2150
2151,1109
1109,2151
2151,2037
2037,2151
2151,2342
2342,2151
2152,2429
2429,2152
2153,1713
1713,2153
2154,2119
2119,2154
2155,591
591,2155
2155,2467
2467,2155
2156,453
453,2156
2156,2098
2098,2156
2157,66
66,2157
2157,288
288,2157
2158,1498
1498,2158
2158,2449
2449,2158
2159,1910
1910,2159
2159,2081
2081,2159
2159,2661
2661,2159
2160,1747
1747,2160
2160,2434
2434,2160
2161,1326
1326,2161
2161,2167
2167,2161
2162,745
745,2162
2162,2586
2586,2162
2162,2599
2599,2162
2163,1849
1849,2163
2165,129
129,2165
2165,538
538,2165
2165,745
745,2165
2166,260
260,2166
2166,772
772,2166
2166,1527
1527,2166
2167,772
772,2167
2167,2088
2088,2167
2167,2166
2166,2167
2168,1363
1363,2168
2168,2350
2350,2168
2169,1290
1290,2169
2170,2237
2237,2170
2171,344
344,2171
2171,638
638,2171
2171,2032
2032,2171
2172,136
136,2172
2172,159
159,2172
2172,2692
2692,2172
2173,163
163,2173
2173,636
636,2173
2173,846
846,2173
2173,2204
2204,2173
2174,636
636,2174
2174,764
764,2174
2174,1573
1573,2174
2174,2687
2687,2174
2175,163
163,2175
2175,1257
1257,2175
2175,1696
1696,2175
2175,2361
2361,2175
2177,163
163,2177
2178,1793
1793,2178
2178,1794
1794,2178
2178,1795
1795,2178
2178,2082
2082,2178
2178,2181
2181,2178
2182,591
591,2182
2182,1003
1003,2182
2182,1897
1897,2182
2182,2011
2011,2182
2183,1954
1954,2183
2183,2150
2150,2183
2183,2179
2179,2183
2183,2305
2305,2183
2184,2398
2398,2184
2186,2321
2321,2186
2188,2149
2149,2188
2188,2189
2189,2188
2188,2190
2190,2188
2188,2194
2194,2188
2189,2190
2190,2189
2189,2194
2194,2189
2190,2189
2189,2190
2190,2194
2194,2190
2191,2275
2275,2191
2193,129
129,2193
2193,538
538,2193
2193,2165
2165,2193
2195,286
286,2195
2195,378
378,2195
2195,1963
1963,2195
2196,163
163,2196
2196,380
380,2196
2196,938
938,2196
2196,2267
2267,2196
2197,430
430,2197
2197,2342
2342,2197
2198,1560
1560,2198
2198,2537
2537,2198
2198,2695
2695,2198
2199,1184
1184,2199
2199,1784
1784,2199
2199,2133
2133,2199
2200,163
163,2200
2200,1969
1969,2200
2201,2233
2233,2201
2202,163
163,2202
2202,1980
1980,2202
2203,881
881,2203
2203,1411
1411,2203
2203,2397
2397,2203
2203,2405
2405,2203
2204,163
163,2204
2204,636
636,2204
2204,846
846,2204
2204,2173
2173,2204
2206,1911
1911,2206
2206,2133
2133,2206
2206,2175
2175,2206
2206,2261
2261,2206
2206,2379
2379,2206
2208,126
126,2208
2208,1761
1761,2208
2208,2234
2234,2208
2208,2235
2235,2208
2209,2689
2689,2209
2212,2121
2121,2212
2213,1259
1259,2213
2213,2126
2126,2213
2213,2253
2253,2213
2213,2290
2290,2213
2213,2539
2539,2213
2214,420
420,2214
2215,551
551,2215
2216,2361
2361,2216
2217,1007
1007,2217
2217,2282
2282,2217
2218,2021
2021,2218
2218,2049
2049,2218
2218,2337
2337,2218
2219,2153
2153,2219
2220,129
129,2220
2220,1409
1409,2220
2221,566
566,2221
2221,1459
1459,2221
2221,1527
1527,2221
2221,2404
2404,2221
2222,1954
1954,2222
2223,519
519,2223
2223,2214
2214,2223
2224,1827
1827,2224
2225,256
256,2225
2225,1608
1608,2225
2225,1732
1732,2225
2225,2423
2423,2225
2226,2220
2220,2226
2227,667
667,2227
2228,127
127,2228
2229,344
344,2229
2229,1428
1428,2229
2229,2663
2663,2229
2230,157
157,2230
2230,608
608,2230
2230,611
611,2230
2230,2095
2095,2230
2231,136
136,2231
2231,2635
2635,2231
2232,163
163,2232
2232,411
411,2232
2232,2058
2058,2232
2233,636
636,2233
2233,703
703,2233
2236,2262
2262,2236
2239,1366
1366,2239
2240,2466
2466,2240
2241,1994
1994,2241
2242,1910
1910,2242
2242,2661
2661,2242
2244,2243
2243,2244
2245,87
87,2245
2245,2243
2243,2245
2245,2471
2471,2245
2246,2356
2356,2246
2248,145
145,2248
2248,163
163,2248
2249,2175
2175,2249
2250,1696
1696,2250
2250,1940
1940,2250
2250,2175
2175,2250
2251,145
145,2251
2251,163
163,2251
2252,2220
2220,2252
2255,427
427,2255
2255,2412
2412,2255
2256,2597
2597,2256
2257,22
22,2257
2257,247
247,2257
2257,1767
1767,2257
2257,1768
1768,2257
2257,2444
2444,2257
2258,427
427,2258
2258,1887
1887,2258
2259,163
163,2259
2259,1257
1257,2259
2259,2175
2175,2259
2259,2261
2261,2259
2260,611
611,2260
2262,2236
2236,2262
2263,2247
2247,2263
2265,163
163,2265
2266,74
74,2266
2266,345
345,2266
2266,2421
2421,2266
2268,2275
2275,2268
2270,667
667,2270
2271,2238
2238,2271
2271,2249
2249,2271
2271,2250
2250,2271
2271,2252
2252,2271
2271,2259
2259,2271
2272,1176
1176,2272
2272,1866
1866,2272
2273,2360
2360,2273
2274,163
163,2274
2274,2237
2237,2274
2275,1120
1120,2275
2275,2268
2268,2275
2276,30
30,2276
2276,486
486,2276
2277,1277
1277,2277
2277,1931
1931,2277
2277,2252
2252,2277
2277,2269
2269,2277
2277,2624
2624,2277
2279,1806
1806,2279
2279,2579
2579,2279
2280,145
145,2280
2280,163
163,2280
2281,1134
1134,2281
2281,2429
2429,2281
2282,2426
2426,2282
2284,74
74,2284
2284,1293
1293,2284
2284,2278
2278,2284
2284,2283
2283,2284
2286,145
145,2286
2286,163
163,2286
2286,2280
2280,2286
2287,560
560,2287
2287,2315
2315,2287
2288,1759
1759,2288
2288,2697
2697,2288
2289,1804
1804,2289
2289,1805
1805,2289
2290,344
344,2290
2290,378
378,2290
2290,585
585,2290
2290,1275
1275,2290
2290,2291
2291,2290
2291,344
344,2291
2291,378
378,2291
2291,585
585,2291
2291,1275
1275,2291
2292,1111
1111,2292
2294,66
66,2294
2294,649
649,2294
2294,1140
1140,2294
2294,2380
2380,2294
2294,2529
2529,2294
2295,163
163,2295
2295,427
427,2295
2295,881
881,2295
2295,2667
2667,2295
2296,145
145,2296
2296,163
163,2296
2296,2248
2248,2296
2296,2251
2251,2296
2297,2304
2304,2297
2298,163
163,2298
2299,75
75,2299
2299,1854
1854,2299
2300,479
479,2300
2300,1337
1337,2300
2300,2636
2636,2300
2306,427
427,2306
2306,2049
2049,2306
2307,1939
1939,2307
2308,240
240,2308
2308,2652
2652,2308
2309,538
538,2309
2309,1969
1969,2309
2310,66
66,2310
2310,318
318,2310
2310,2583
2583,2310
2310,2607
2607,2310
2311,161
161,2311
2311,2285
2285,2311
2311,2448
2448,2311
2312,521
521,2312
2312,1082
1082,2312
2312,1259
1259,2312
2313,2208
2208,2313
2314,2187
2187,2314
2315,109
109,2315
2316,163
163,2316
2316,743
743,2316
2316,744
744,2316
2316,2030
2030,2316
2316,2659
2659,2316
2317,2429
2429,2317
2318,2153
2153,2318
2319,227
227,2319
2319,2131
2131,2319
2320,1853
1853,2320
2320,2511
2511,2320
2321,2186
2186,2321
2321,2187
2187,2321
2322,359
359,2322
2322,2498
2498,2322
2322,2499
2499,2322
2322,2500
2500,2322
2323,492
492,2323
2323,788
788,2323
2323,1268
1268,2323
2323,2419
2419,2323
2324,1161
1161,2324
2324,2326
2326,2324
2325,611
611,2325
2325,745
745,2325
2325,2538
2538,2325
2327,76
76,2327
2327,1924
1924,2327
2327,2015
2015,2327
2329,672
672,2329
2329,1290
1290,2329
2330,1631
1631,2330
2330,1696
1696,2330
2330,2598
2598,2330
2330,2604
2604,2330
2331,571
571,2331
2331,2694
2694,2331
2332,1117
1117,2332
2332,2334
2334,2332
2333,102
102,2333
2333,318
318,2333
2333,2135
2135,2333
2333,2583
2583,2333
2335,74
74,2335
2335,2378
2378,2335
2336,745
745,2336
2336,2579
2579,2336
2339,344
344,2339
2339,675
675,2339
2339,2126
2126,2339
2340,611
611,2340
2340,1935
1935,2340
2341,1172
1172,2341
2343,208
208,2343
2343,430
430,2343
2343,1337
1337,2343
2343,1618
1618,2343
2344,2707
2707,2344
2345,2005
2005,2345
2345,2418
2418,2345
2345,2511
2511,2345
2346,1301
1301,2346
2346,1595
1595,2346
2347,1303
1303,2347
2347,2254
2254,2347
2347,2265
2265,2347
2349,1929
1929,2349
2350,1004
1004,2350
2352,611
611,2352
2352,2055
2055,2352
2353,415
415,2353
2353,2334
2334,2353
2354,453
453,2354
2354,555
555,2354
2354,2360
2360,2354
2354,2455
2455,2354
2355,217
217,2355
2355,763
763,2355
2355,1879
1879,2355
2357,1656
1656,2357
2357,2499
2499,2357
2358,2503
2503,2358
2359,66
66,2359
2359,2520
2520,2359
2360,574
574,2360
2360,672
672,2360
2360,2040
2040,2360
2361,163
163,2361
2363,129
129,2363
2363,163
163,2363
2363,1719
1719,2363
2363,1969
1969,2363
2363,2165
2165,2363
2364,862
862,2364
2364,1644
1644,2364
2364,1812
1812,2364
2365,2189
2189,2365
2365,2190
2190,2365
2365,2668
2668,2365
2366,1910
1910,2366
2366,2081
2081,2366
2368,85
85,2368
2368,465
465,2368
2369,256
256,2369
2369,426
426,2369
2369,2607
2607,2369
2370,2321
2321,2370
2371,583
583,2371
2373,916
916,2373
2373,2374
2374,2373
2374,916
916,2374
2374,2373
2373,2374
2375,1910
1910,2375
2375,2661
2661,2375
2376,359
359,2376
2376,2422
2422,2376
2376,2499
2499,2376
2376,2500
2500,2376
2377,468
468,2377
2377,491
491,2377
2377,2025
2025,2377
2378,611
611,2378
2380,485
485,2380
2380,1838
1838,2380
2380,2561
2561,2380
2381,687
687,2381
2381,1606
1606,2381
2381,2667
2667,2381
2382,2013
2013,2382
2383,427
427,2383
2383,1820
1820,2383
2385,611
611,2385
2385,2499
2499,2385
2385,2676
2676,2385
2387,2386
2386,2387
2388,427
427,2388
2388,2575
2575,2388
2389,345
345,2389
2389,2421
2421,2389
2390,36
36,2390
2390,74
74,2390
2390,76
76,2390
2390,2227
2227,2390
2391,507
507,2391
2391,2427
2427,2391
2393,496
496,2393
2393,663
663,2393
2395,2665
2665,2395
2396,163
163,2396
2396,503
503,2396
2396,1583
1583,2396
2396,1952
1952,2396
2397,2203
2203,2397
2398,583
583,2398
2398,1498
1498,2398
2398,2372
2372,2398
2399,136
136,2399
2399,2398
2398,2399
2399,2626
2626,2399
2400,122
122,2400
2400,124
124,2400
2400,127
127,2400
2400,1916
1916,2400
2402,1921
1921,2402
2402,1931
1931,2402
2403,649
649,2403
2404,1459
1459,2404
2405,881
881,2405
2405,1119
1119,2405
2405,2397
2397,2405
2408,523
523,2408
2408,1975
1975,2408
2409,477
477,2409
2409,1644
1644,2409
2409,1869
1869,2409
2409,2543
2543,2409
2410,204
204,2410
2410,2049
2049,2410
2411,2666
2666,2411
2412,427
427,2412
2413,668
668,2413
2413,1366
1366,2413
2413,1718
1718,2413
2413,2239
2239,2413
2413,2373
2373,2413
2414,668
668,2414
2414,1366
1366,2414
2414,1718
1718,2414
2414,2239
2239,2414
2414,2373
2373,2414
2415,1112
1112,2415
2415,2530
2530,2415
2416,1910
1910,2416
2416,2375
2375,2416
2416,2506
2506,2416
2417,157
157,2417
2417,2532
2532,2417
2418,2141
2141,2418
2418,2511
2511,2418
2420,1527
1527,2420
2420,2169
2169,2420
2421,115
115,2421
2421,1906
1906,2421
2422,359
359,2422
2422,2499
2499,2422
2422,2500
2500,2422
2423,1644
1644,2423
2424,1428
1428,2424
2424,2589
2589,2424
2425,62
62,2425
2425,423
423,2425
2425,788
788,2425
2425,2341
2341,2425
2425,2474
2474,2425
2426,344
344,2426
2426,638
638,2426
2426,1007
1007,2426
2427,318
318,2427
2427,2394
2394,2427
2429,2667
2667,2429
2430,294
294,2430
2430,682
682,2430
2430,2647
2647,2430
2431,426
426,2431
2431,1919
1919,2431
2431,2426
2426,2431
2433,2437
2437,2433
2434,1326
1326,2434
2434,1747
1747,2434
2434,2069
2069,2434
2435,2236
2236,2435
2435,2262
2262,2435
2436,2649
2649,2436
2437,427
427,2437
2437,745
745,2437
2438,92
92,2438
2439,407
407,2439
2439,1875
1875,2439
2440,2543
2543,2440
2441,66
66,2441
2441,344
344,2441
2441,2585
2585,2441
2442,71
71,2442
2442,523
523,2442
2442,565
565,2442
2442,929
929,2442
2442,2118
2118,2442
2443,1339
1339,2443
2443,2338
2338,2443
2443,2343
2343,2443
2445,2268
2268,2445
2445,2275
2275,2445
2446,129
129,2446
2446,247
247,2446
2446,2451
2451,2446
2447,378
378,2447
2448,427
427,2448
2448,2526
2526,2448
2450,1498
1498,2450
2450,2449
2449,2450
2451,129
129,2451
2451,163
163,2451
2453,427
427,2453
2453,2666
2666,2453
2454,881
881,2454
2454,1058
1058,2454
2454,2129
2129,2454
2455,453
453,2455
2455,456
456,2455
2456,41
41,2456
2456,48
48,2456
2456,1029
1029,2456
2457,690
690,2457
2457,1980
1980,2457
2458,2242
2242,2458
2458,2366
2366,2458
2458,2506
2506,2458
2460,2384
2384,2460
2463,558
558,2463
2464,1817
1817,2464
2465,228
228,2465
2465,638
638,2465
2465,2057
2057,2465
2468,2467
2467,2468
2469,1789
1789,2469
2470,2101
2101,2470
2472,565
565,2472
2473,551
551,2473
2473,2551
2551,2473
2474,62
62,2474
2475,574
574,2475
2475,591
591,2475
2475,640
640,2475
2475,1363
1363,2475
2475,2246
2246,2475
2476,294
294,2476
2476,2472
2472,2476
2477,2678
2678,2477
2478,2220
2220,2478
2478,2226
2226,2478
2479,2128
2128,2479
2479,2319
2319,2479
2480,523
523,2480
2480,565
565,2480
2480,566
566,2480
2482,1854
1854,2482
2482,1855
1855,2482
2482,2123
2123,2482
2483,1003
1003,2483
2483,1004
1004,2483
2483,1848
1848,2483
2484,986
986,2484
2484,1644
1644,2484
2484,2614
2614,2484
2484,2616
2616,2484
2485,173
173,2485
2485,565
565,2485
2485,566
566,2485
2485,575
575,2485
2485,2480
2480,2485
2486,2586
2586,2486
2487,52
52,2487
2487,136
136,2487
2487,430
430,2487
2487,1823
1823,2487
2488,1910
1910,2488
2489,643
643,2489
2489,1126
1126,2489
2489,2371
2371,2489
2489,2372
2372,2489
2491,1981
1981,2491
2492,577
577,2492
2492,2461
2461,2492
2493,1428
1428,2493
2493,2426
2426,2493
2495,58
58,2495
2495,571
571,2495
2496,2107
2107,2496
2497,1915
1915,2497
2498,359
359,2498
2498,2322
2322,2498
2498,2499
2499,2498
2498,2500
2500,2498
2499,359
359,2499
2500,2498
2498,2500
2500,2499
2499,2500
2501,611
611,2501
2501,2260
2260,2501
2502,717
717,2502
2502,2605
2605,2502
2504,1536
1536,2504
2504,1663
1663,2504
2504,2667
2667,2504
2505,359
359,2505
2505,611
611,2505
2505,2499
2499,2505
2506,1910
1910,2506
2506,2366
2366,2506
2506,2661
2661,2506
2507,371
371,2507
2507,2239
2239,2507
2507,2373
2373,2507
2507,2374
2374,2507
2510,1713
1713,2510
2510,2362
2362,2510
2513,74
74,2513
2513,310
310,2513
2513,1366
1366,2513
2513,2239
2239,2513
2513,2374
2374,2513
2514,485
485,2514
2514,1838
1838,2514
2514,1908
1908,2514
2514,2380
2380,2514
2514,2558
2558,2514
2515,1999
1999,2515
2515,2003
2003,2515
2516,1946
1946,2516
2517,2533
2533,2517
2518,163
163,2518
2518,2298
2298,2518
2519,2264
2264,2519
2520,66
66,2520
2521,145
145,2521
2521,163
163,2521
2521,2164
2164,2521
2521,2529
2529,2521
2522,2275
2275,2522
2523,2684
2684,2523
2524,260
260,2524
2524,1527
1527,2524
2524,1894
1894,2524
2524,2088
2088,2524
2524,2166
2166,2524
2525,1527
1527,2525
2525,2088
2088,2525
2527,735
735,2527
2531,2566
2566,2531
2532,76
76,2532
2532,518
518,2532
2532,766
766,2532
2532,2417
2417,2532
2534,2009
2009,2534
2535,1668
1668,2535
2535,2176
2176,2535
2539,1322
1322,2539
2539,1428
1428,2539
2540,157
157,2540
2540,160
160,2540
2540,611
611,2540
2541,638
638,2541
2541,686
686,2541
2541,2673
2673,2541
2542,2236
2236,2542
2542,2262
2262,2542
2543,136
136,2543
2543,159
159,2543
2545,1773
1773,2545
2545,1794
1794,2545
2545,1795
1795,2545
2545,2082
2082,2545
2545,2178
2178,2545
2546,276
276,2546
2546,342
342,2546
2546,1993
1993,2546
2547,2492
2492,2547
2548,507
507,2548
2548,2391
2391,2548
2548,2427
2427,2548
2549,193
193,2549
2549,519
519,2549
2550,2045
2045,2550
2551,523
523,2551
2552,576
576,2552
2554,163
163,2554
2554,1850
1850,2554
2557,163
163,2557
2557,430
430,2557
2557,686
686,2557
2557,1947
1947,2557
2560,251
251,2560
2560,649
649,2560
2560,865
865,2560
2560,1505
1505,2560
2560,2555
2555,2560
2561,485
485,2561
2561,719
719,2561
2561,1527
1527,2561
2561,1908
1908,2561
2561,2380
2380,2561
2562,668
668,2562
2562,1366
1366,2562
2563,163
163,2563
2563,219
219,2563
2563,1583
1583,2563
2563,2220
2220,2563
2563,2396
2396,2563
2564,163
163,2564
2564,1159
1159,2564
2564,1558
1558,2564
2565,2157
2157,2565
2566,62
62,2566
2567,359
359,2567
2567,2498
2498,2567
2568,289
289,2568
2568,583
583,2568
2568,612
612,2568
2568,717
717,2568
2568,2544
2544,2568
2569,1820
1820,2569
2571,268
268,2571
2571,613
613,2571
2571,1878
1878,2571
2571,2107
2107,2571
2571,2496
2496,2571
2572,365
365,2572
2572,2112
2112,2572
2574,427
427,2574
2574,2107
2107,2574
2575,1910
1910,2575
2575,2366
2366,2575
2575,2506
2506,2575
2576,2678
2678,2576
2577,1020
1020,2577
2577,2180
2180,2577
2577,2342
2342,2577
2577,2367
2367,2577
2577,2508
2508,2577
2578,99
99,2578
2578,2679
2679,2578
2580,52
52,2580
2580,136
136,2580
2580,1819
1819,2580
2580,1823
1823,2580
2581,649
649,2581
2581,2403
2403,2581
2582,409
409,2582
2582,411
411,2582
2582,462
462,2582
2582,1718
1718,2582
2582,2178
2178,2582
2583,102
102,2583
2583,378
378,2583
2583,2135
2135,2583
2587,2312
2312,2587
2588,2301
2301,2588
2589,344
344,2589
2589,2329
2329,2589
2590,388
388,2590
2590,420
420,2590
2590,519
519,2590
2590,2421
2421,2590
2591,2126
2126,2591
2591,2253
2253,2591
2591,2427
2427,2591
2591,2431
2431,2591
2592,99
99,2592
2593,430
430,2593
2593,634
634,2593
2593,2342
2342,2593
2594,411
411,2594
2594,2306
2306,2594
2595,1315
1315,2595
2595,2452
2452,2595
2595,2562
2562,2595
2600,163
163,2600
2600,523
523,2600
2600,1409
1409,2600
2600,2220
2220,2600
2601,2631
2631,2601
2602,2070
2070,2602
2604,163
163,2604
2604,168
168,2604
2605,986
986,2605
2606,527
527,2606
2606,2337
2337,2606
2606,2459
2459,2606
2606,2611
2611,2606
2606,2662
2662,2606
2608,519
519,2608
2608,2549
2549,2608
2609,344
344,2609
2609,2079
2079,2609
2609,2080
2080,2609
2610,2337
2337,2610
2614,1644
1644,2614
2615,2084
2084,2615
2616,986
986,2616
2616,1644
1644,2616
2616,2614
2614,2616
2617,228
228,2617
2617,344
344,2617
2617,1275
1275,2617
2617,1428
1428,2617
2617,2091
2091,2617
2618,453
453,2618
2618,1269
1269,2618
2618,2509
2509,2618
2619,1968
1968,2619
2623,2113
2113,2623
2624,2317
2317,2624
2624,2429
2429,2624
2625,2612
2612,2625
2626,1843
1843,2626
2627,2423
2423,2627
2628,565
565,2628
2628,738
738,2628
2629,565
565,2629
2629,738
738,2629
2629,2536
2536,2629
2629,2628
2628,2629
2632,2584
2584,2632
2633,2011
2011,2633
2633,2182
2182,2633
2635,136
136,2635
2636,479
479,2636
2638,163
163,2638
2638,2202
2202,2638
2639,2117
2117,2639
2640,2070
2070,2640
2641,380
380,2641
2642,523
523,2642
2642,565
565,2642
2642,2368
2368,2642
2643,2470
2470,2643
2643,2646
2646,2643
2644,2134
2134,2644
2645,1854
1854,2645
2645,2482
2482,2645
2646,2470
2470,2646
2646,2643
2643,2646
2649,735
735,2649
2650,204
204,2650
2650,2215
2215,2650
2651,1062
1062,2651
2652,2637
2637,2652
2653,456
456,2653
2653,672
672,2653
2653,1363
1363,2653
2654,74
74,2654
2654,2421
2421,2654
2655,1975
1975,2655
2656,2626
2626,2656
2657,2423
2423,2657
2658,427
427,2658
2658,477
477,2658
2658,566
566,2658
2658,843
843,2658
2658,2647
2647,2658
2659,163
163,2659
2659,2030
2030,2659
2660,558
558,2660
2660,577
577,2660
2663,1781
1781,2663
2664,189
189,2664
2664,415
415,2664
2664,712
712,2664
2664,2102
2102,2664
2665,2395
2395,2665
2667,163
163,2667
2669,2596
2596,2669
2670,253
253,2670
2670,489
489,2670
2670,1815
1815,2670
2671,1815
1815,2671
2672,465
465,2672
2672,565
565,2672
2672,636
636,2672
2672,2409
2409,2672
2673,163
163,2673
2673,638
638,2673
2673,1224
1224,2673
2674,159
159,2674
2674,2543
2543,2674
2675,1595
1595,2675
2676,611
611,2676
2677,1339
1339,2677
2677,1582
1582,2677
2677,1909
1909,2677
2677,2017
2017,2677
2677,2338
2338,2677
2679,99
99,2679
2680,101
101,2680
2680,157
157,2680
2680,2596
2596,2680
2681,78
78,2681
2681,160
160,2681
2681,1857
1857,2681
2682,48
48,2682
2682,2348
2348,2682
2683,427
427,2683
2683,668
668,2683
2683,687
687,2683
2683,2044
2044,2683
2685,2053
2053,2685
2685,2054
2054,2685
2686,101
101,2686
2686,916
916,2686
2686,2596
2596,2686
2688,1784
1784,2688
2688,1839
1839,2688
2688,1840
1840,2688
2688,2216
2216,2688
2689,1975
1975,2689
2690,591
591,2690
2691,1751
1751,2691
2693,2025
2025,2693
2694,571
571,2694
2694,1762
1762,2694
2694,2495
2495,2694
2695,2057
2057,2695
2695,2696
2696,2695
2696,672
672,2696
2698,2697
2697,2698
2699,2153
2153,2699
2700,2697
2697,2700
2700,2698
2698,2700
2701,2247
2247,2701
2701,2263
2263,2701
2702,881
881,2702
2702,2624
2624,2702
2703,1221
1221,2703
2703,1409
1409,2703
2703,2200
2200,2703
2704,209
209,2704
2704,2407
2407,2704
2705,1784
1784,2705
2705,1839
1839,2705
2705,1840
1840,2705
2705,2216
2216,2705
